      -500.00000  1.00000e-06  7.01272e-05
      -494.00000  1.00000e-06  7.59329e-05
      -488.00000  1.00000e-06  8.19267e-05
      -482.00000  1.00000e-06  8.79216e-05
      -476.00000  1.00000e-06  9.39179e-05
      -470.00000  1.00000e-06  9.96144e-05
      -464.00000  1.00000e-06  9.86281e-05
      -458.00000  1.00000e-06  9.76419e-05
      -452.00000  1.00000e-06  9.16502e-05
      -446.00000  1.00000e-06  8.28278e-05
      -440.00000  1.00000e-06  7.47815e-05
      -434.00000  1.00000e-06  6.92675e-05
      -428.00000  1.00000e-06  6.37534e-05
      -422.00000  1.00000e-06  6.57314e-05
      -416.00000  1.00000e-06  6.92395e-05
      -410.00000  1.00000e-06  7.61949e-05
      -404.00000  1.00000e-06  8.77910e-05
      -398.00000  1.00000e-06  9.91553e-05
      -392.00000  1.00000e-06  0.000100246
      -386.00000  1.00000e-06  0.000101336
      -380.00000  1.00000e-06  9.67960e-05
      -374.00000  1.00000e-06  8.87735e-05
      -368.00000  1.00000e-06  8.30183e-05
      -362.00000  1.00000e-06  8.56061e-05
      -356.00000  1.00000e-06  8.81940e-05
      -350.00000  1.00000e-06  9.15324e-05
      -344.00000  1.00000e-06  9.50476e-05
      -338.00000  1.00000e-06  9.61897e-05
      -332.00000  1.00000e-06  9.38506e-05
      -326.00000  1.00000e-06  9.15024e-05
      -320.00000  1.00000e-06  8.11248e-05
      -314.00000  1.00000e-06  7.07473e-05
      -308.00000  1.00000e-06  6.79036e-05
      -302.00000  1.00000e-06  7.01465e-05
      -296.00000  1.00000e-06  7.33181e-05
      -290.00000  1.00000e-06  8.03784e-05
      -284.00000  1.00000e-06  8.74388e-05
      -278.00000  1.00000e-06  9.16701e-05
      -272.00000  1.00000e-06  9.51430e-05
      -266.00000  1.00000e-06  9.69909e-05
      -260.00000  1.00000e-06  9.62366e-05
      -254.00000  1.00000e-06  9.54822e-05
      -248.00000  1.00000e-06  0.000101909
      -242.00000  1.00000e-06  0.000108481
      -236.00000  1.00000e-06  0.000111970
      -230.00000  1.00000e-06  0.000113188
      -224.00000  1.00000e-06  0.000114540
      -218.00000  1.00000e-06  0.000116530
      -212.00000  1.00000e-06  0.000118521
      -206.00000  1.00000e-06  0.000121137
      -200.00000  1.00000e-06  0.000123944
      -194.00000  1.00000e-06  0.000126161
      -188.00000  1.00000e-06  0.000127346
      -182.00000  1.00000e-06  0.000128531
      -176.00000  1.00000e-06  0.000137808
      -170.00000  1.00000e-06  0.000147428
      -164.00000  1.00000e-06  0.000155045
      -158.00000  1.00000e-06  0.000161056
      -152.00000  1.00000e-06  0.000165696
      -146.00000  1.00000e-06  0.000162628
      -140.00000  1.00000e-06  0.000159560
      -134.00000  1.00000e-06  0.000155709
      -128.00000  1.00000e-06  0.000151593
      -122.00000  1.00000e-06  0.000150884
      -116.00000  1.00000e-06  0.000156715
      -110.00000  1.00000e-06  0.000162546
      -104.00000  1.00000e-06  0.000169736
      -98.000000  1.00000e-06  0.000177016
      -92.000000  1.00000e-06  0.000188409
      -86.000000  1.00000e-06  0.000203388
      -80.000000  1.00000e-06  0.000220578
      -74.000000  1.00000e-06  0.000252558
      -68.000000  1.00000e-06  0.000284538
      -62.000000  1.00000e-06  0.000344492
      -56.000000  1.00000e-06  0.000415010
      -50.000000  1.00000e-06  0.000534021
      -44.000000  1.00000e-06  0.000755273
      -38.000000  1.00000e-06  0.000976525
      -32.000000  1.00000e-06   0.00160214
      -26.000000  1.00000e-06   0.00226409
      -20.000000  1.00000e-06   0.00344434
      -14.000000  1.00000e-06   0.00511588
      -8.0000000  1.00000e-06   0.00698807
      -2.0000000  1.00000e-06    0.0104975
       4.0000000  1.00000e-06    0.0140070
       10.000000  1.00000e-06    0.0193329
       16.000000  1.00000e-06    0.0254187
       22.000000  1.00000e-06    0.0323673
       28.000000  1.00000e-06    0.0413211
       34.000000  1.00000e-06    0.0502748
       40.000000  1.00000e-06    0.0609152
       46.000000  1.00000e-06    0.0717500
       52.000000  1.00000e-06    0.0823216
       58.000000  1.00000e-06    0.0926217
       64.000000  1.00000e-06     0.102665
       70.000000  1.00000e-06     0.110059
       76.000000  1.00000e-06     0.117452
       82.000000  1.00000e-06     0.121472
       88.000000  1.00000e-06     0.123935
       94.000000  1.00000e-06     0.124862
       100.00000  1.00000e-06     0.121837
       106.00000  1.00000e-06     0.118812
       112.00000  1.00000e-06     0.112055
       118.00000  1.00000e-06     0.104768
       124.00000  1.00000e-06    0.0963974
       130.00000  1.00000e-06    0.0868135
       136.00000  1.00000e-06    0.0772180
       142.00000  1.00000e-06    0.0674631
       148.00000  1.00000e-06    0.0577082
       154.00000  1.00000e-06    0.0489429
       160.00000  1.00000e-06    0.0406803
       166.00000  1.00000e-06    0.0330184
       172.00000  1.00000e-06    0.0270750
       178.00000  1.00000e-06    0.0211317
       184.00000  1.00000e-06    0.0171154
       190.00000  1.00000e-06    0.0134264
       196.00000  1.00000e-06    0.0105160
       202.00000  1.00000e-06   0.00855501
       208.00000  1.00000e-06   0.00664958
       214.00000  1.00000e-06   0.00588494
       220.00000  1.00000e-06   0.00512029
       226.00000  1.00000e-06   0.00485487
       232.00000  1.00000e-06   0.00486746
       238.00000  1.00000e-06   0.00499967
       244.00000  1.00000e-06   0.00551456
       250.00000  1.00000e-06   0.00602945
       256.00000  1.00000e-06   0.00675493
       262.00000  1.00000e-06   0.00752235
       268.00000  1.00000e-06   0.00835685
       274.00000  1.00000e-06   0.00928038
       280.00000  1.00000e-06    0.0102090
       286.00000  1.00000e-06    0.0113324
       292.00000  1.00000e-06    0.0124557
       298.00000  1.00000e-06    0.0136294
       304.00000  1.00000e-06    0.0148336
       310.00000  1.00000e-06    0.0160563
       316.00000  1.00000e-06    0.0173452
       322.00000  1.00000e-06    0.0186342
       328.00000  1.00000e-06    0.0199928
       334.00000  1.00000e-06    0.0213673
       340.00000  1.00000e-06    0.0227877
       346.00000  1.00000e-06    0.0242742
       352.00000  1.00000e-06    0.0257604
       358.00000  1.00000e-06    0.0271786
       364.00000  1.00000e-06    0.0285969
       370.00000  1.00000e-06    0.0297663
       376.00000  1.00000e-06    0.0307701
       382.00000  1.00000e-06    0.0316891
       388.00000  1.00000e-06    0.0322613
       394.00000  1.00000e-06    0.0328334
       400.00000  1.00000e-06    0.0330533
       406.00000  1.00000e-06    0.0331809
       412.00000  1.00000e-06    0.0332024
       418.00000  1.00000e-06    0.0330566
       424.00000  1.00000e-06    0.0329108
       430.00000  1.00000e-06    0.0327359
       436.00000  1.00000e-06    0.0325605
       442.00000  1.00000e-06    0.0324642
       448.00000  1.00000e-06    0.0324253
       454.00000  1.00000e-06    0.0324223
       460.00000  1.00000e-06    0.0325882
       466.00000  1.00000e-06    0.0327542
       472.00000  1.00000e-06    0.0331927
       478.00000  1.00000e-06    0.0337121
       484.00000  1.00000e-06    0.0343856
       490.00000  1.00000e-06    0.0353247
       496.00000  1.00000e-06    0.0362638
       502.00000  1.00000e-06    0.0374964
       508.00000  1.00000e-06    0.0387403
       514.00000  1.00000e-06    0.0399942
       520.00000  1.00000e-06    0.0412560
       526.00000  1.00000e-06    0.0425199
       532.00000  1.00000e-06    0.0437953
       538.00000  1.00000e-06    0.0450707
       544.00000  1.00000e-06    0.0461570
       550.00000  1.00000e-06    0.0471805
       556.00000  1.00000e-06    0.0481042
       562.00000  1.00000e-06    0.0488396
       568.00000  1.00000e-06    0.0495750
       574.00000  1.00000e-06    0.0503968
       580.00000  1.00000e-06    0.0512240
       586.00000  1.00000e-06    0.0520990
       592.00000  1.00000e-06    0.0530152
       598.00000  1.00000e-06    0.0539344
       604.00000  1.00000e-06    0.0548729
       610.00000  1.00000e-06    0.0558114
       616.00000  1.00000e-06    0.0569138
       622.00000  1.00000e-06    0.0580771
       628.00000  1.00000e-06    0.0592973
       634.00000  1.00000e-06    0.0606356
       640.00000  1.00000e-06    0.0619739
       646.00000  1.00000e-06    0.0632816
       652.00000  1.00000e-06    0.0645867
       658.00000  1.00000e-06    0.0658905
       664.00000  1.00000e-06    0.0671931
       670.00000  1.00000e-06    0.0685085
       676.00000  1.00000e-06    0.0699245
       682.00000  1.00000e-06    0.0713405
       688.00000  1.00000e-06    0.0727813
       694.00000  1.00000e-06    0.0742322
       700.00000  1.00000e-06    0.0756405
       706.00000  1.00000e-06    0.0769512
       712.00000  1.00000e-06    0.0782619
       718.00000  1.00000e-06    0.0795230
       724.00000  1.00000e-06    0.0807785
       730.00000  1.00000e-06    0.0820132
       736.00000  1.00000e-06    0.0832266
       742.00000  1.00000e-06    0.0844334
       748.00000  1.00000e-06    0.0855755
       754.00000  1.00000e-06    0.0867176
       760.00000  1.00000e-06    0.0879447
       766.00000  1.00000e-06    0.0892104
       772.00000  1.00000e-06    0.0905646
       778.00000  1.00000e-06    0.0921425
       784.00000  1.00000e-06    0.0937204
       790.00000  1.00000e-06    0.0956424
       796.00000  1.00000e-06    0.0976118
       802.00000  1.00000e-06    0.0997861
       808.00000  1.00000e-06     0.102187
       814.00000  1.00000e-06     0.104603
       820.00000  1.00000e-06     0.107209
       826.00000  1.00000e-06     0.109816
       832.00000  1.00000e-06     0.112309
       838.00000  1.00000e-06     0.114746
       844.00000  1.00000e-06     0.117119
       850.00000  1.00000e-06     0.119314
       856.00000  1.00000e-06     0.121509
       862.00000  1.00000e-06     0.123597
       868.00000  1.00000e-06     0.125666
       874.00000  1.00000e-06     0.127623
       880.00000  1.00000e-06     0.129444
       886.00000  1.00000e-06     0.131262
       892.00000  1.00000e-06     0.133032
       898.00000  1.00000e-06     0.134801
       904.00000  1.00000e-06     0.136808
       910.00000  1.00000e-06     0.138946
       916.00000  1.00000e-06     0.141110
       922.00000  1.00000e-06     0.143357
       928.00000  1.00000e-06     0.145605
       934.00000  1.00000e-06     0.147408
       940.00000  1.00000e-06     0.149125
       946.00000  1.00000e-06     0.150546
       952.00000  1.00000e-06     0.151579
       958.00000  1.00000e-06     0.152593
       964.00000  1.00000e-06     0.152995
       970.00000  1.00000e-06     0.153397
       976.00000  1.00000e-06     0.153519
       982.00000  1.00000e-06     0.153473
       988.00000  1.00000e-06     0.153429
       994.00000  1.00000e-06     0.153392
       1000.0000  1.00000e-06     0.153354
       1006.0000  1.00000e-06     0.153670
       1012.0000  1.00000e-06     0.154065
       1018.0000  1.00000e-06     0.154680
       1024.0000  1.00000e-06     0.155610
       1030.0000  1.00000e-06     0.156542
       1036.0000  1.00000e-06     0.157819
       1042.0000  1.00000e-06     0.159096
       1048.0000  1.00000e-06     0.160592
       1054.0000  1.00000e-06     0.162232
       1060.0000  1.00000e-06     0.163860
       1066.0000  1.00000e-06     0.165438
       1072.0000  1.00000e-06     0.167016
       1078.0000  1.00000e-06     0.168362
       1084.0000  1.00000e-06     0.169649
       1090.0000  1.00000e-06     0.170906
       1096.0000  1.00000e-06     0.172118
       1102.0000  1.00000e-06     0.173330
       1108.0000  1.00000e-06     0.174533
       1114.0000  1.00000e-06     0.175737
       1120.0000  1.00000e-06     0.177019
       1126.0000  1.00000e-06     0.178356
       1132.0000  1.00000e-06     0.179687
       1138.0000  1.00000e-06     0.180987
       1144.0000  1.00000e-06     0.182287
       1150.0000  1.00000e-06     0.182945
       1156.0000  1.00000e-06     0.183416
       1162.0000  1.00000e-06     0.184592
       1168.0000  1.00000e-06     0.186966
       1174.0000  1.00000e-06     0.189339
       1180.0000  1.00000e-06     0.193755
       1186.0000  1.00000e-06     0.198241
       1192.0000  1.00000e-06     0.202062
       1198.0000  1.00000e-06     0.205366
       1204.0000  1.00000e-06     0.208653
       1210.0000  1.00000e-06     0.211852
       1216.0000  1.00000e-06     0.215051
       1222.0000  1.00000e-06     0.218112
       1228.0000  1.00000e-06     0.221127
       1234.0000  1.00000e-06     0.223988
       1240.0000  1.00000e-06     0.226560
       1246.0000  1.00000e-06     0.229132
       1252.0000  1.00000e-06     0.231189
       1258.0000  1.00000e-06     0.233217
       1264.0000  1.00000e-06     0.234678
       1270.0000  1.00000e-06     0.235661
       1276.0000  1.00000e-06     0.236503
       1282.0000  1.00000e-06     0.236461
       1288.0000  1.00000e-06     0.236419
       1294.0000  1.00000e-06     0.235745
       1300.0000  1.00000e-06     0.234841
       1306.0000  1.00000e-06     0.233831
       1312.0000  1.00000e-06     0.232605
       1318.0000  1.00000e-06     0.231379
       1324.0000  1.00000e-06     0.230364
       1330.0000  1.00000e-06     0.229367
       1336.0000  1.00000e-06     0.228727
       1342.0000  1.00000e-06     0.228416
       1348.0000  1.00000e-06     0.228200
       1354.0000  1.00000e-06     0.228704
       1360.0000  1.00000e-06     0.229208
       1366.0000  1.00000e-06     0.230048
       1372.0000  1.00000e-06     0.231024
       1378.0000  1.00000e-06     0.232152
       1384.0000  1.00000e-06     0.233623
       1390.0000  1.00000e-06     0.235094
       1396.0000  1.00000e-06     0.237107
       1402.0000  1.00000e-06     0.239177
       1408.0000  1.00000e-06     0.241617
       1414.0000  1.00000e-06     0.244427
       1420.0000  1.00000e-06     0.247286
       1426.0000  1.00000e-06     0.250618
       1432.0000  1.00000e-06     0.253949
       1438.0000  1.00000e-06     0.257205
       1444.0000  1.00000e-06     0.260425
       1450.0000  1.00000e-06     0.263539
       1456.0000  1.00000e-06     0.266385
       1462.0000  1.00000e-06     0.269231
       1468.0000  1.00000e-06     0.271900
       1474.0000  1.00000e-06     0.274545
       1480.0000  1.00000e-06     0.277097
       1486.0000  1.00000e-06     0.279547
       1492.0000  1.00000e-06     0.281977
       1498.0000  1.00000e-06     0.284166
       1504.0000  1.00000e-06     0.286355
       1510.0000  1.00000e-06     0.288245
       1516.0000  1.00000e-06     0.289987
       1522.0000  1.00000e-06     0.291512
       1528.0000  1.00000e-06     0.292439
       1534.0000  1.00000e-06     0.293366
       1540.0000  1.00000e-06     0.293440
       1546.0000  1.00000e-06     0.293378
       1552.0000  1.00000e-06     0.293026
       1558.0000  1.00000e-06     0.292333
       1564.0000  1.00000e-06     0.291617
       1570.0000  1.00000e-06     0.290500
       1576.0000  1.00000e-06     0.289383
       1582.0000  1.00000e-06     0.287912
       1588.0000  1.00000e-06     0.286248
       1594.0000  1.00000e-06     0.284458
       1600.0000  1.00000e-06     0.282278
       1606.0000  1.00000e-06     0.280097
       1612.0000  1.00000e-06     0.277329
       1618.0000  1.00000e-06     0.274449
       1624.0000  1.00000e-06     0.271198
       1630.0000  1.00000e-06     0.267468
       1636.0000  1.00000e-06     0.263720
       1642.0000  1.00000e-06     0.259399
       1648.0000  1.00000e-06     0.255079
       1654.0000  1.00000e-06     0.250430
       1660.0000  1.00000e-06     0.245587
       1666.0000  1.00000e-06     0.240593
       1672.0000  1.00000e-06     0.235081
       1678.0000  1.00000e-06     0.229568
       1684.0000  1.00000e-06     0.223390
       1690.0000  1.00000e-06     0.217067
       1696.0000  1.00000e-06     0.210528
       1702.0000  1.00000e-06     0.203687
       1708.0000  1.00000e-06     0.196840
       1714.0000  1.00000e-06     0.189444
       1720.0000  1.00000e-06     0.182047
       1726.0000  1.00000e-06     0.174132
       1732.0000  1.00000e-06     0.165882
       1738.0000  1.00000e-06     0.157477
       1744.0000  1.00000e-06     0.148463
       1750.0000  1.00000e-06     0.139449
       1756.0000  1.00000e-06     0.130156
       1762.0000  1.00000e-06     0.120793
       1768.0000  1.00000e-06     0.111513
       1774.0000  1.00000e-06     0.102362
       1780.0000  1.00000e-06    0.0932115
       1786.0000  1.00000e-06    0.0847978
       1792.0000  1.00000e-06    0.0763909
       1798.0000  1.00000e-06    0.0685771
       1804.0000  1.00000e-06    0.0611811
       1810.0000  1.00000e-06    0.0540133
       1816.0000  1.00000e-06    0.0478680
       1822.0000  1.00000e-06    0.0417226
       1828.0000  1.00000e-06    0.0366423
       1834.0000  1.00000e-06    0.0318655
       1840.0000  1.00000e-06    0.0276557
       1846.0000  1.00000e-06    0.0243945
       1852.0000  1.00000e-06    0.0211334
       1858.0000  1.00000e-06    0.0189943
       1864.0000  1.00000e-06    0.0168899
       1870.0000  1.00000e-06    0.0152840
       1876.0000  1.00000e-06    0.0140607
       1882.0000  1.00000e-06    0.0129650
       1888.0000  1.00000e-06    0.0125321
       1894.0000  1.00000e-06    0.0120992
       1900.0000  1.00000e-06    0.0122937
       1906.0000  1.00000e-06    0.0126893
       1912.0000  1.00000e-06    0.0134374
       1918.0000  1.00000e-06    0.0148312
       1924.0000  1.00000e-06    0.0162250
       1930.0000  1.00000e-06    0.0188306
       1936.0000  1.00000e-06    0.0215013
       1942.0000  1.00000e-06    0.0250758
       1948.0000  1.00000e-06    0.0294054
       1954.0000  1.00000e-06    0.0340137
       1960.0000  1.00000e-06    0.0403251
       1966.0000  1.00000e-06    0.0466366
       1972.0000  1.00000e-06    0.0545725
       1978.0000  1.00000e-06    0.0630898
       1984.0000  1.00000e-06    0.0724432
       1990.0000  1.00000e-06    0.0834766
       1996.0000  1.00000e-06    0.0945100
       2002.0000  1.00000e-06     0.107629
       2008.0000  1.00000e-06     0.120909
       2014.0000  1.00000e-06     0.134996
       2020.0000  1.00000e-06     0.149816
       2026.0000  1.00000e-06     0.164729
       2032.0000  1.00000e-06     0.180321
       2038.0000  1.00000e-06     0.195912
       2044.0000  1.00000e-06     0.211592
       2050.0000  1.00000e-06     0.227308
       2056.0000  1.00000e-06     0.242926
       2062.0000  1.00000e-06     0.258326
       2068.0000  1.00000e-06     0.273726
       2074.0000  1.00000e-06     0.288154
       2080.0000  1.00000e-06     0.302482
       2086.0000  1.00000e-06     0.316344
       2092.0000  1.00000e-06     0.329745
       2098.0000  1.00000e-06     0.343055
       2104.0000  1.00000e-06     0.355535
       2110.0000  1.00000e-06     0.368015
       2116.0000  1.00000e-06     0.379101
       2122.0000  1.00000e-06     0.389574
       2128.0000  1.00000e-06     0.399290
       2134.0000  1.00000e-06     0.407158
       2140.0000  1.00000e-06     0.415027
       2146.0000  1.00000e-06     0.421182
       2152.0000  1.00000e-06     0.427118
       2158.0000  1.00000e-06     0.431959
       2164.0000  1.00000e-06     0.435623
       2170.0000  1.00000e-06     0.439102
       2176.0000  1.00000e-06     0.440392
       2182.0000  1.00000e-06     0.441682
       2188.0000  1.00000e-06     0.441790
       2194.0000  1.00000e-06     0.441326
       2200.0000  1.00000e-06     0.440452
       2206.0000  1.00000e-06     0.438468
       2212.0000  1.00000e-06     0.436484
       2218.0000  1.00000e-06     0.433718
       2224.0000  1.00000e-06     0.430829
       2230.0000  1.00000e-06     0.427564
       2236.0000  1.00000e-06     0.423860
       2242.0000  1.00000e-06     0.420105
       2248.0000  1.00000e-06     0.415531
       2254.0000  1.00000e-06     0.410956
       2260.0000  1.00000e-06     0.405861
       2266.0000  1.00000e-06     0.400488
       2272.0000  1.00000e-06     0.395057
       2278.0000  1.00000e-06     0.389448
       2284.0000  1.00000e-06     0.383839
       2290.0000  1.00000e-06     0.378517
       2296.0000  1.00000e-06     0.373248
       2302.0000  1.00000e-06     0.367998
       2308.0000  1.00000e-06     0.362771
       2314.0000  1.00000e-06     0.357515
       2320.0000  1.00000e-06     0.351475
       2326.0000  1.00000e-06     0.345436
       2332.0000  1.00000e-06     0.338569
       2338.0000  1.00000e-06     0.331220
       2344.0000  1.00000e-06     0.323464
       2350.0000  1.00000e-06     0.314329
       2356.0000  1.00000e-06     0.305194
       2362.0000  1.00000e-06     0.294730
       2368.0000  1.00000e-06     0.283983
       2374.0000  1.00000e-06     0.272642
       2380.0000  1.00000e-06     0.260481
       2386.0000  1.00000e-06     0.248300
       2392.0000  1.00000e-06     0.234807
       2398.0000  1.00000e-06     0.221315
       2404.0000  1.00000e-06     0.207367
       2410.0000  1.00000e-06     0.193129
       2416.0000  1.00000e-06     0.178915
       2422.0000  1.00000e-06     0.164795
       2428.0000  1.00000e-06     0.150674
       2434.0000  1.00000e-06     0.137208
       2440.0000  1.00000e-06     0.123902
       2446.0000  1.00000e-06     0.111131
       2452.0000  1.00000e-06    0.0991678
       2458.0000  1.00000e-06    0.0872046
       2464.0000  1.00000e-06    0.0769683
       2470.0000  1.00000e-06    0.0667419
       2476.0000  1.00000e-06    0.0577105
       2482.0000  1.00000e-06    0.0495093
       2488.0000  1.00000e-06    0.0416890
       2494.0000  1.00000e-06    0.0355359
       2500.0000  1.00000e-06    0.0293829
       2506.0000      3.88010    0.0246316
       2512.0000      3.82772    0.0202718
       2518.0000      3.73856    0.0165057
       2524.0000      3.17525    0.0137184
       2530.0000      1.93366    0.0109311
       2536.0000     0.392054   0.00932210
       2542.0000  1.00000e-06   0.00774532
       2548.0000  1.00000e-06   0.00661596
       2554.0000  1.00000e-06   0.00582516
       2560.0000  1.00000e-06   0.00509678
       2566.0000  1.00000e-06   0.00468419
       2572.0000  1.00000e-06   0.00427160
       2578.0000  1.00000e-06   0.00401260
       2584.0000  1.00000e-06   0.00380190
       2590.0000  1.00000e-06   0.00363835
       2596.0000  1.00000e-06   0.00355988
       2602.0000  1.00000e-06   0.00348141
       2608.0000  1.00000e-06   0.00344483
       2614.0000      1.16079   0.00341035
       2620.0000      2.51079   0.00338813
       2626.0000      3.02506   0.00337603
       2632.0000      2.95824   0.00336574
       2638.0000      2.70447   0.00336619
       2644.0000      2.45855   0.00336663
       2650.0000      2.20260   0.00335410
       2656.0000      1.62401   0.00333701
       2662.0000     0.755428   0.00330366
       2668.0000    0.0644738   0.00323817
       2674.0000  1.00000e-06   0.00317268
       2680.0000  1.00000e-06   0.00308905
       2686.0000  1.00000e-06   0.00300409
       2692.0000  1.00000e-06   0.00293275
       2698.0000  1.00000e-06   0.00287361
       2704.0000  1.00000e-06   0.00281428
       2710.0000  1.00000e-06   0.00275361
       2716.0000     0.122871   0.00269293
       2722.0000     0.962754   0.00267081
       2728.0000      1.66939   0.00266374
       2734.0000      1.91201   0.00266863
       2740.0000      1.70298   0.00269955
       2746.0000      1.32680   0.00273047
       2752.0000      1.20694   0.00278325
       2758.0000      1.40653   0.00283818
       2764.0000      1.62836   0.00286725
       2770.0000      1.64975   0.00287111
       2776.0000      1.56471   0.00287052
       2782.0000      1.38841   0.00283080
       2788.0000      1.22983   0.00279108
       2794.0000      1.54219   0.00274811
       2800.0000      2.32986   0.00270374
       2806.0000      3.34976   0.00265678
       2812.0000      4.45240   0.00260360
       2818.0000      5.83179   0.00255042
       2824.0000      7.75051   0.00250749
       2830.0000      10.2549   0.00246583
       2836.0000      13.1872   0.00241461
       2842.0000      16.6336   0.00235326
       2848.0000      20.7370   0.00229195
       2854.0000      25.3671   0.00223112
       2860.0000      30.0400   0.00217028
       2866.0000      34.9680   0.00210771
       2872.0000      40.5909   0.00204431
       2878.0000      46.8738   0.00197888
       2884.0000      52.8454   0.00190806
       2890.0000      57.7503   0.00183723
       2896.0000      61.9694   0.00176456
       2902.0000      66.3473   0.00169161
       2908.0000      71.0448   0.00161392
       2914.0000      75.4462   0.00153078
       2920.0000      78.8767   0.00144814
       2926.0000      80.7565   0.00137336
       2932.0000      80.8651   0.00129858
       2938.0000      78.6287   0.00124408
       2944.0000      74.5571   0.00120019
       2950.0000      70.7219   0.00115962
       2956.0000      68.4627   0.00112893
       2962.0000      66.7371   0.00109824
       2968.0000      63.5099   0.00107490
       2974.0000      57.7876   0.00105287
       2980.0000      49.5550   0.00103408
       2986.0000      40.3613   0.00101933
       2992.0000      32.3950   0.00100391
       2998.0000      27.5700  0.000972192
       3004.0000      25.7272  0.000940468
       3010.0000      24.9960  0.000903538
       3016.0000      22.9104  0.000863620
       3022.0000      17.9765  0.000826228
       3028.0000      10.9722  0.000797234
       3034.0000      3.99278  0.000768240
       3040.0000     0.315448  0.000749219
       3046.0000  1.00000e-06  0.000732284
       3052.0000     0.358681  0.000715187
       3058.0000     0.978475  0.000697870
       3064.0000     0.138263  0.000680437
       3070.0000  1.00000e-06  0.000656878
       3076.0000  1.00000e-06  0.000633319
       3082.0000  1.00000e-06  0.000596885
       3088.0000  1.00000e-06  0.000552375
       3094.0000  1.00000e-06  0.000508115
       3100.0000  1.00000e-06  0.000464790
       3106.0000  1.00000e-06  0.000421466
       3112.0000  1.00000e-06  0.000390680
       3118.0000  1.00000e-06  0.000362910
       3124.0000  1.00000e-06  0.000339477
       3130.0000  1.00000e-06  0.000322493
       3136.0000  1.00000e-06  0.000305510
       3142.0000  1.00000e-06  0.000296357
       3148.0000    0.0752127  0.000287220
       3154.0000     0.889683  0.000281607
       3160.0000     0.501814  0.000278404
       3166.0000  1.00000e-06  0.000275937
       3172.0000  1.00000e-06  0.000276612
       3178.0000  1.00000e-06  0.000277287
       3184.0000  1.00000e-06  0.000276790
       3190.0000  1.00000e-06  0.000275973
       3196.0000  1.00000e-06  0.000272276
       3202.0000  1.00000e-06  0.000263902
       3208.0000  1.00000e-06  0.000255529
       3214.0000  1.00000e-06  0.000245252
       3220.0000  1.00000e-06  0.000234930
       3226.0000  1.00000e-06  0.000229330
       3232.0000  1.00000e-06  0.000227253
       3238.0000  1.00000e-06  0.000227632
       3244.0000  1.00000e-06  0.000240124
       3250.0000  1.00000e-06  0.000252616
       3256.0000     0.895523  0.000260868
       3262.0000      1.19626  0.000267814
       3268.0000    0.0180815  0.000270591
       3274.0000  1.00000e-06  0.000265963
       3280.0000  1.00000e-06  0.000261336
       3286.0000   0.00355440  0.000250391
       3292.0000      1.33640  0.000239156
       3298.0000      3.21060  0.000231793
       3304.0000      3.60805  0.000227576
       3310.0000      2.44850  0.000223548
       3316.0000     0.411227  0.000220614
       3322.0000  1.00000e-06  0.000217680
       3328.0000  1.00000e-06  0.000216935
       3334.0000  1.00000e-06  0.000216945
       3340.0000  1.00000e-06  0.000219001
       3346.0000  1.00000e-06  0.000225041
       3352.0000  1.00000e-06  0.000231082
       3358.0000  1.00000e-06  0.000233183
       3364.0000  1.00000e-06  0.000235010
       3370.0000  1.00000e-06  0.000232296
       3376.0000     0.867272  0.000225570
       3382.0000      2.52051  0.000218177
       3388.0000      3.39523  0.000206194
       3394.0000      3.10148  0.000194210
       3400.0000      3.01537  0.000188573
       3406.0000      4.02836  0.000185373
       3412.0000      5.42468  0.000186494
       3418.0000      6.63237  0.000196866
       3424.0000      7.34982  0.000207239
       3430.0000      6.41752  0.000209621
       3436.0000      3.80311  0.000211253
       3442.0000     0.667560  0.000206557
       3448.0000  1.00000e-06  0.000195779
       3454.0000  1.00000e-06  0.000186143
       3460.0000  1.00000e-06  0.000186153
       3466.0000  1.00000e-06  0.000186164
       3472.0000  1.00000e-06  0.000189308
       3478.0000  1.00000e-06  0.000193784
       3484.0000  1.00000e-06  0.000196305
       3490.0000  1.00000e-06  0.000194210
       3496.0000  1.00000e-06  0.000192114
       3502.0000  1.00000e-06  0.000188569
       3508.0000  1.00000e-06  0.000184851
       3514.0000  1.00000e-06  0.000182635
       3520.0000  1.00000e-06  0.000181987
       3526.0000  1.00000e-06  0.000181045
       3532.0000  1.00000e-06  0.000176940
       3538.0000  1.00000e-06  0.000172835
       3544.0000  1.00000e-06  0.000173706
       3550.0000  1.00000e-06  0.000176912
       3556.0000  1.00000e-06  0.000181586
       3562.0000  1.00000e-06  0.000190103
       3568.0000  1.00000e-06  0.000198619
       3574.0000  1.00000e-06  0.000204636
       3580.0000  1.00000e-06  0.000210286
       3586.0000  1.00000e-06  0.000212349
       3592.0000  1.00000e-06  0.000210337
       3598.0000  1.00000e-06  0.000207983
       3604.0000  1.00000e-06  0.000200651
       3610.0000  1.00000e-06  0.000193318
       3616.0000  1.00000e-06  0.000190668
       3622.0000  1.00000e-06  0.000190432
       3628.0000  1.00000e-06  0.000189166
       3634.0000  1.00000e-06  0.000184903
       3640.0000  1.00000e-06  0.000180640
       3646.0000  1.00000e-06  0.000177443
       3652.0000  1.00000e-06  0.000174433
       3658.0000  1.00000e-06  0.000169544
       3664.0000  1.00000e-06  0.000162335
       3670.0000  1.00000e-06  0.000154795
       3676.0000  1.00000e-06  0.000139907
       3682.0000  1.00000e-06  0.000125018
       3688.0000  1.00000e-06  0.000109315
       3694.0000  1.00000e-06  9.31516e-05
       3700.0000  1.00000e-06  7.92613e-05
       3706.0000  1.00000e-06  7.27799e-05
       3712.0000  1.00000e-06  6.62986e-05
       3718.0000  1.00000e-06  6.93374e-05
       3724.0000  1.00000e-06  7.43184e-05
       3730.0000  1.00000e-06  7.48553e-05
       3736.0000  1.00000e-06  6.94149e-05
       3742.0000  1.00000e-06  6.38656e-05
       3748.0000  1.00000e-06  5.35274e-05
       3754.0000  1.00000e-06  4.31892e-05
       3760.0000  1.00000e-06  3.61495e-05
       3766.0000  1.00000e-06  3.11480e-05
       3772.0000  1.00000e-06  2.56122e-05
       3778.0000  1.00000e-06  1.81121e-05
       3784.0000  1.00000e-06  1.06121e-05
       3790.0000  1.00000e-06  6.47674e-06
       3796.0000  1.00000e-06  3.13201e-06
       3802.0000  1.00000e-06  1.11941e-06
       3808.0000  1.00000e-06  1.05966e-06
       3814.0000  1.00000e-06  1.00000e-06
       3820.0000  1.00000e-06  1.00000e-06
       3826.0000  1.00000e-06  1.00000e-06
       3832.0000  1.00000e-06  1.00000e-06
       3838.0000  1.00000e-06  1.00000e-06
       3844.0000  1.00000e-06  1.00000e-06
       3850.0000  1.00000e-06  1.00000e-06
       3856.0000  1.00000e-06  1.00000e-06
       3862.0000  1.00000e-06  1.00000e-06
       3868.0000  1.00000e-06  1.00000e-06
       3874.0000  1.00000e-06  1.00000e-06
       3880.0000  1.00000e-06  1.00000e-06
       3886.0000  1.00000e-06  1.00000e-06
       3892.0000  1.00000e-06  1.00000e-06
       3898.0000  1.00000e-06  1.00000e-06
       3904.0000  1.00000e-06  1.00000e-06
       3910.0000  1.00000e-06  1.00000e-06
       3916.0000  1.00000e-06  1.00000e-06
       3922.0000  1.00000e-06  1.00000e-06
       3928.0000  1.00000e-06  1.00000e-06
       3934.0000  1.00000e-06  1.00000e-06
       3940.0000  1.00000e-06  1.00000e-06
       3946.0000  1.00000e-06  1.00000e-06
       3952.0000  1.00000e-06  1.00000e-06
       3958.0000  1.00000e-06  1.00000e-06
       3964.0000  1.00000e-06  1.00000e-06
       3970.0000  1.00000e-06  1.00000e-06
       3976.0000  1.00000e-06  1.00000e-06
       3982.0000  1.00000e-06  1.00000e-06
       3988.0000  1.00000e-06  1.00000e-06
       3994.0000  1.00000e-06  1.00000e-06
       4000.0000  1.00000e-06  1.00000e-06
       4006.0000  1.00000e-06  1.00000e-06
       4012.0000  1.00000e-06  1.00000e-06
       4018.0000  1.00000e-06  1.00000e-06
       4024.0000  1.00000e-06  1.00000e-06
       4030.0000  1.00000e-06  1.00000e-06
       4036.0000  1.00000e-06  1.00000e-06
       4042.0000  1.00000e-06  1.00000e-06
       4048.0000  1.00000e-06  1.00000e-06
       4054.0000  1.00000e-06  1.00000e-06
       4060.0000  1.00000e-06  1.00000e-06
       4066.0000  1.00000e-06  1.00000e-06
       4072.0000  1.00000e-06  1.00000e-06
       4078.0000  1.00000e-06  1.00000e-06
       4084.0000  1.00000e-06  1.00000e-06
       4090.0000  1.00000e-06  1.00000e-06
       4096.0000  1.00000e-06  1.00000e-06
       4102.0000  1.00000e-06  1.00000e-06
       4108.0000  1.00000e-06  1.00000e-06
       4114.0000  1.00000e-06  1.00000e-06
       4120.0000  1.00000e-06  1.00000e-06
       4126.0000  1.00000e-06  1.00000e-06
       4132.0000  1.00000e-06  1.00000e-06
       4138.0000  1.00000e-06  1.00000e-06
       4144.0000  1.00000e-06  1.00000e-06
       4150.0000  1.00000e-06  1.00000e-06
       4156.0000  1.00000e-06  1.00000e-06
       4162.0000  1.00000e-06  1.00000e-06
       4168.0000  1.00000e-06  1.00000e-06
       4174.0000  1.00000e-06  1.00000e-06
       4180.0000  1.00000e-06  1.00000e-06
       4186.0000  1.00000e-06  1.00000e-06
       4192.0000  1.00000e-06  1.00000e-06
       4198.0000  1.00000e-06  1.00000e-06
       4204.0000  1.00000e-06  1.00000e-06
       4210.0000  1.00000e-06  1.00000e-06
       4216.0000  1.00000e-06  1.00000e-06
       4222.0000  1.00000e-06  1.00000e-06
       4228.0000  1.00000e-06  1.00000e-06
       4234.0000  1.00000e-06  1.00000e-06
       4240.0000  1.00000e-06  1.00000e-06
       4246.0000  1.00000e-06  1.00000e-06
       4252.0000  1.00000e-06  1.00000e-06
       4258.0000  1.00000e-06  1.00000e-06
       4264.0000  1.00000e-06  1.00000e-06
       4270.0000  1.00000e-06  1.00000e-06
       4276.0000  1.00000e-06  1.00000e-06
       4282.0000  1.00000e-06  1.00000e-06
       4288.0000  1.00000e-06  1.00000e-06
       4294.0000  1.00000e-06  1.00000e-06
       4300.0000  1.00000e-06  1.00000e-06
       4306.0000  1.00000e-06  1.00000e-06
       4312.0000  1.00000e-06  1.00000e-06
       4318.0000  1.00000e-06  1.00000e-06
       4324.0000  1.00000e-06  1.00000e-06
       4330.0000  1.00000e-06  1.00000e-06
       4336.0000  1.00000e-06  1.00000e-06
       4342.0000  1.00000e-06  1.00000e-06
       4348.0000  1.00000e-06  1.00000e-06
       4354.0000  1.00000e-06  1.00000e-06
       4360.0000  1.00000e-06  1.00000e-06
       4366.0000  1.00000e-06  1.00000e-06
       4372.0000  1.00000e-06  1.00000e-06
       4378.0000  1.00000e-06  1.00000e-06
       4384.0000  1.00000e-06  1.00000e-06
       4390.0000  1.00000e-06  1.00000e-06
       4396.0000  1.00000e-06  1.00000e-06
       4402.0000  1.00000e-06  1.00000e-06
       4408.0000  1.00000e-06  1.00000e-06
       4414.0000  1.00000e-06  1.00000e-06
       4420.0000  1.00000e-06  1.00000e-06
       4426.0000  1.00000e-06  1.00000e-06
       4432.0000  1.00000e-06  1.00000e-06
       4438.0000  1.00000e-06  1.00000e-06
       4444.0000  1.00000e-06  1.00000e-06
       4450.0000  1.00000e-06  1.00000e-06
       4456.0000  1.00000e-06  1.00000e-06
       4462.0000  1.00000e-06  1.00000e-06
       4468.0000  1.00000e-06  1.00000e-06
       4474.0000  1.00000e-06  1.00000e-06
       4480.0000  1.00000e-06  1.00000e-06
       4486.0000  1.00000e-06  1.00000e-06
       4492.0000  1.00000e-06  1.00000e-06
       4498.0000  1.00000e-06  1.00000e-06
       4504.0000  1.00000e-06  1.00000e-06
       4510.0000  1.00000e-06  1.00000e-06
       4516.0000  1.00000e-06  1.00000e-06
       4522.0000  1.00000e-06  1.00000e-06
       4528.0000  1.00000e-06  1.00000e-06
       4534.0000  1.00000e-06  1.00000e-06
       4540.0000  1.00000e-06  1.00000e-06
       4546.0000  1.00000e-06  1.00000e-06
       4552.0000  1.00000e-06  1.00000e-06
       4558.0000  1.00000e-06  1.00000e-06
       4564.0000  1.00000e-06  1.00000e-06
       4570.0000  1.00000e-06  1.00000e-06
       4576.0000  1.00000e-06  1.00000e-06
       4582.0000  1.00000e-06  1.00000e-06
       4588.0000  1.00000e-06  1.00000e-06
       4594.0000  1.00000e-06  1.00000e-06
       4600.0000  1.00000e-06  1.00000e-06
       4606.0000  1.00000e-06  1.00000e-06
       4612.0000  1.00000e-06  1.00000e-06
       4618.0000  1.00000e-06  1.00000e-06
       4624.0000  1.00000e-06  1.00000e-06
       4630.0000  1.00000e-06  1.00000e-06
       4636.0000  1.00000e-06  1.00000e-06
       4642.0000  1.00000e-06  1.00000e-06
       4648.0000  1.00000e-06  1.00000e-06
       4654.0000  1.00000e-06  1.00000e-06
       4660.0000  1.00000e-06  1.00000e-06
       4666.0000  1.00000e-06  1.00000e-06
       4672.0000  1.00000e-06  1.00000e-06
       4678.0000  1.00000e-06  1.00000e-06
       4684.0000  1.00000e-06  1.00000e-06
       4690.0000  1.00000e-06  1.00000e-06
       4696.0000  1.00000e-06  1.00000e-06
       4702.0000  1.00000e-06  1.00000e-06
       4708.0000  1.00000e-06  1.00000e-06
       4714.0000  1.00000e-06  1.00000e-06
       4720.0000  1.00000e-06  1.00000e-06
       4726.0000  1.00000e-06  1.00000e-06
       4732.0000  1.00000e-06  1.00000e-06
       4738.0000  1.00000e-06  1.00000e-06
       4744.0000  1.00000e-06  1.00000e-06
       4750.0000  1.00000e-06  1.00000e-06
       4756.0000  1.00000e-06  1.00000e-06
       4762.0000  1.00000e-06  1.00000e-06
       4768.0000  1.00000e-06  1.00000e-06
       4774.0000  1.00000e-06  1.00000e-06
       4780.0000  1.00000e-06  1.00000e-06
       4786.0000  1.00000e-06  1.00000e-06
       4792.0000  1.00000e-06  1.00000e-06
       4798.0000  1.00000e-06  1.00000e-06
       4804.0000  1.00000e-06  1.00000e-06
       4810.0000  1.00000e-06  1.00000e-06
       4816.0000  1.00000e-06  1.00000e-06
       4822.0000  1.00000e-06  1.00000e-06
       4828.0000  1.00000e-06  1.00000e-06
       4834.0000  1.00000e-06  1.00000e-06
       4840.0000  1.00000e-06  1.00000e-06
       4846.0000  1.00000e-06  1.00000e-06
       4852.0000  1.00000e-06  1.00000e-06
       4858.0000  1.00000e-06  1.00000e-06
       4864.0000  1.00000e-06  1.00000e-06
       4870.0000  1.00000e-06  1.00000e-06
       4876.0000  1.00000e-06  1.00000e-06
       4882.0000  1.00000e-06  1.00000e-06
       4888.0000  1.00000e-06  1.00000e-06
       4894.0000  1.00000e-06  1.00000e-06
       4900.0000  1.00000e-06  1.00000e-06
       4906.0000  1.00000e-06  1.00000e-06
       4912.0000  1.00000e-06  1.00000e-06
       4918.0000  1.00000e-06  1.00000e-06
       4924.0000  1.00000e-06  1.00000e-06
       4930.0000  1.00000e-06  1.00000e-06
       4936.0000  1.00000e-06  1.00000e-06
       4942.0000  1.00000e-06  1.00000e-06
       4948.0000  1.00000e-06  1.00000e-06
       4954.0000  1.00000e-06  1.00000e-06
       4960.0000  1.00000e-06  1.00000e-06
       4966.0000  1.00000e-06  1.00000e-06
       4972.0000  1.00000e-06  1.00000e-06
       4978.0000  1.00000e-06  1.00000e-06
       4984.0000  1.00000e-06  1.00000e-06
       4990.0000  1.00000e-06  1.00000e-06
       4996.0000  1.00000e-06  1.00000e-06
       5002.0000  1.00000e-06  5.11467e-06
       5008.0000  1.00000e-06  9.90718e-06
       5014.0000  1.00000e-06  1.42905e-05
       5020.0000  1.00000e-06  1.81825e-05
       5026.0000  1.00000e-06  2.21575e-05
       5032.0000  1.00000e-06  2.77035e-05
       5038.0000  1.00000e-06  3.32496e-05
       5044.0000  1.00000e-06  3.35679e-05
       5050.0000  1.00000e-06  3.10214e-05
       5056.0000  1.00000e-06  2.83261e-05
       5062.0000  1.00000e-06  2.51646e-05
       5068.0000  1.00000e-06  2.20031e-05
       5074.0000  1.00000e-06  1.96482e-05
       5080.0000  1.00000e-06  1.74496e-05
       5086.0000  1.00000e-06  1.61789e-05
       5092.0000  1.00000e-06  1.61213e-05
       5098.0000  1.00000e-06  1.61142e-05
       5104.0000  1.00000e-06  1.77779e-05
       5110.0000  1.00000e-06  1.94417e-05
       5116.0000  1.00000e-06  2.09670e-05
       5122.0000  1.00000e-06  2.24092e-05
       5128.0000  1.00000e-06  2.41460e-05
       5134.0000  1.00000e-06  2.69215e-05
       5140.0000  1.00000e-06  2.96970e-05
       5146.0000  1.00000e-06  3.11413e-05
       5152.0000  1.00000e-06  3.22869e-05
       5158.0000  1.00000e-06  3.39941e-05
       5164.0000  1.00000e-06  3.65013e-05
       5170.0000  1.00000e-06  3.89642e-05
       5176.0000  1.00000e-06  3.61861e-05
       5182.0000  1.00000e-06  3.34080e-05
       5188.0000  1.00000e-06  3.19199e-05
       5194.0000  1.00000e-06  3.12770e-05
       5200.0000  1.00000e-06  3.13120e-05
       5206.0000  1.00000e-06  3.40581e-05
       5212.0000  1.00000e-06  3.68042e-05
       5218.0000  1.00000e-06  3.91919e-05
       5224.0000  1.00000e-06  4.14877e-05
       5230.0000  1.00000e-06  4.41187e-05
       5236.0000  1.00000e-06  4.72703e-05
       5242.0000  1.00000e-06  5.04219e-05
       5248.0000  1.00000e-06  5.10805e-05
       5254.0000  1.00000e-06  5.17075e-05
       5260.0000  1.00000e-06  5.10963e-05
       5266.0000  1.00000e-06  4.96004e-05
       5272.0000  1.00000e-06  4.87599e-05
       5278.0000  1.00000e-06  5.09225e-05
       5284.0000  1.00000e-06  5.30852e-05
       5290.0000  1.00000e-06  5.84772e-05
       5296.0000  1.00000e-06  6.48074e-05
       5302.0000  1.00000e-06  7.14025e-05
       5308.0000  1.00000e-06  7.84471e-05
       5314.0000  1.00000e-06  8.54917e-05
       5320.0000  1.00000e-06  8.93137e-05
       5326.0000  1.00000e-06  9.30241e-05
       5332.0000  1.00000e-06  9.44187e-05
       5338.0000  1.00000e-06  9.40114e-05
       5344.0000  1.00000e-06  9.40134e-05
       5350.0000  1.00000e-06  9.61932e-05
       5356.0000  1.00000e-06  9.83731e-05
       5362.0000  1.00000e-06  0.000101315
       5368.0000  1.00000e-06  0.000104505
       5374.0000  1.00000e-06  0.000104243
       5380.0000  1.00000e-06  9.75665e-05
       5386.0000  1.00000e-06  9.08900e-05
       5392.0000  1.00000e-06  8.50019e-05
       5398.0000  1.00000e-06  7.91592e-05
       5404.0000  1.00000e-06  7.74205e-05
       5410.0000  1.00000e-06  7.91568e-05
       5416.0000  1.00000e-06  8.04279e-05
       5422.0000  1.00000e-06  7.87759e-05
       5428.0000  1.00000e-06  7.71238e-05
       5434.0000  1.00000e-06  7.36362e-05
       5440.0000  1.00000e-06  6.94806e-05
       5446.0000  1.00000e-06  6.74119e-05
       5452.0000  1.00000e-06  6.96010e-05
       5458.0000  1.00000e-06  7.17900e-05
       5464.0000  1.00000e-06  7.01286e-05
       5470.0000  1.00000e-06  6.81538e-05
       5476.0000  1.00000e-06  7.06780e-05
       5482.0000  1.00000e-06  7.73454e-05
       5488.0000  1.00000e-06  8.36634e-05
       5494.0000  1.00000e-06  8.73277e-05
