      -500.00000  1.00000e-06  0.000164068
      -494.00000  1.00000e-06  0.000169017
      -488.00000  1.00000e-06  0.000161342
      -482.00000  1.00000e-06  0.000143277
      -476.00000  1.00000e-06  0.000126396
      -470.00000  1.00000e-06  0.000116775
      -464.00000  1.00000e-06  0.000107155
      -458.00000  1.00000e-06  0.000106865
      -452.00000  1.00000e-06  0.000109993
      -446.00000  1.00000e-06  0.000112731
      -440.00000  1.00000e-06  0.000114652
      -434.00000  1.00000e-06  0.000116573
      -428.00000  1.00000e-06  0.000113879
      -422.00000  1.00000e-06  0.000110758
      -416.00000  1.00000e-06  0.000108445
      -410.00000  1.00000e-06  0.000106916
      -404.00000  1.00000e-06  0.000105878
      -398.00000  1.00000e-06  0.000109323
      -392.00000  1.00000e-06  0.000112767
      -386.00000  1.00000e-06  0.000114717
      -380.00000  1.00000e-06  0.000115999
      -374.00000  1.00000e-06  0.000118177
      -368.00000  1.00000e-06  0.000122637
      -362.00000  1.00000e-06  0.000127098
      -356.00000  1.00000e-06  0.000126601
      -350.00000  1.00000e-06  0.000125388
      -344.00000  1.00000e-06  0.000123959
      -338.00000  1.00000e-06  0.000122283
      -332.00000  1.00000e-06  0.000120969
      -326.00000  1.00000e-06  0.000125615
      -320.00000  1.00000e-06  0.000130261
      -314.00000  1.00000e-06  0.000131032
      -308.00000  1.00000e-06  0.000129708
      -302.00000  1.00000e-06  0.000128295
      -296.00000  1.00000e-06  0.000126603
      -290.00000  1.00000e-06  0.000124911
      -284.00000  1.00000e-06  0.000126946
      -278.00000  1.00000e-06  0.000129731
      -272.00000  1.00000e-06  0.000133417
      -266.00000  1.00000e-06  0.000138326
      -260.00000  1.00000e-06  0.000143063
      -254.00000  1.00000e-06  0.000137078
      -248.00000  1.00000e-06  0.000131093
      -242.00000  1.00000e-06  0.000127088
      -236.00000  1.00000e-06  0.000124363
      -230.00000  1.00000e-06  0.000122606
      -224.00000  1.00000e-06  0.000124738
      -218.00000  1.00000e-06  0.000126870
      -212.00000  1.00000e-06  0.000127018
      -206.00000  1.00000e-06  0.000126642
      -200.00000  1.00000e-06  0.000125728
      -194.00000  1.00000e-06  0.000123944
      -188.00000  1.00000e-06  0.000122161
      -182.00000  1.00000e-06  0.000115342
      -176.00000  1.00000e-06  0.000108390
      -170.00000  1.00000e-06  0.000103740
      -164.00000  1.00000e-06  0.000100854
      -158.00000  1.00000e-06  9.87338e-05
      -152.00000  1.00000e-06  0.000100700
      -146.00000  1.00000e-06  0.000102666
      -140.00000  1.00000e-06  0.000115093
      -134.00000  1.00000e-06  0.000131014
      -128.00000  1.00000e-06  0.000146162
      -122.00000  1.00000e-06  0.000159816
      -116.00000  1.00000e-06  0.000173470
      -110.00000  1.00000e-06  0.000191853
      -104.00000  1.00000e-06  0.000210575
      -98.000000  1.00000e-06  0.000226748
      -92.000000  1.00000e-06  0.000240609
      -86.000000  1.00000e-06  0.000254536
      -80.000000  1.00000e-06  0.000268955
      -74.000000  1.00000e-06  0.000283374
      -68.000000  1.00000e-06  0.000330556
      -62.000000  1.00000e-06  0.000391243
      -56.000000  1.00000e-06  0.000484394
      -50.000000  1.00000e-06  0.000653361
      -44.000000  1.00000e-06  0.000822328
      -38.000000  1.00000e-06   0.00124004
      -32.000000  1.00000e-06   0.00168802
      -26.000000  1.00000e-06   0.00247346
      -20.000000  1.00000e-06   0.00361976
      -14.000000  1.00000e-06   0.00487432
      -8.0000000  1.00000e-06   0.00746519
      -2.0000000  1.00000e-06    0.0100561
       4.0000000  1.00000e-06    0.0141733
       10.000000  1.00000e-06    0.0190538
       16.000000  1.00000e-06    0.0246649
       22.000000  1.00000e-06    0.0323732
       28.000000  1.00000e-06    0.0400815
       34.000000  1.00000e-06    0.0496701
       40.000000  1.00000e-06    0.0595903
       46.000000  1.00000e-06    0.0697532
       52.000000  1.00000e-06    0.0802227
       58.000000  1.00000e-06    0.0906346
       64.000000  1.00000e-06    0.0993830
       70.000000  1.00000e-06     0.108131
       76.000000  1.00000e-06     0.114356
       82.000000  1.00000e-06     0.119068
       88.000000  1.00000e-06     0.122651
       94.000000  1.00000e-06     0.122156
       100.00000  1.00000e-06     0.121662
       106.00000  1.00000e-06     0.117401
       112.00000  1.00000e-06     0.112248
       118.00000  1.00000e-06     0.105834
       124.00000  1.00000e-06    0.0975290
       130.00000  1.00000e-06    0.0892242
       136.00000  1.00000e-06    0.0796599
       142.00000  1.00000e-06    0.0700856
       148.00000  1.00000e-06    0.0609415
       154.00000  1.00000e-06    0.0521043
       160.00000  1.00000e-06    0.0436435
       166.00000  1.00000e-06    0.0369513
       172.00000  1.00000e-06    0.0302590
       178.00000  1.00000e-06    0.0254608
       184.00000  1.00000e-06    0.0212373
       190.00000  1.00000e-06    0.0177575
       196.00000  1.00000e-06    0.0156059
       202.00000  1.00000e-06    0.0134543
       208.00000  1.00000e-06    0.0127035
       214.00000  1.00000e-06    0.0120255
       220.00000  1.00000e-06    0.0118360
       226.00000  1.00000e-06    0.0120589
       232.00000  1.00000e-06    0.0123535
       238.00000  1.00000e-06    0.0131112
       244.00000  1.00000e-06    0.0138689
       250.00000  1.00000e-06    0.0148681
       256.00000  1.00000e-06    0.0159585
       262.00000  1.00000e-06    0.0171410
       268.00000  1.00000e-06    0.0185217
       274.00000  1.00000e-06    0.0199024
       280.00000  1.00000e-06    0.0215131
       286.00000  1.00000e-06    0.0231468
       292.00000  1.00000e-06    0.0249385
       298.00000  1.00000e-06    0.0268877
       304.00000  1.00000e-06    0.0288430
       310.00000  1.00000e-06    0.0308587
       316.00000  1.00000e-06    0.0328743
       322.00000  1.00000e-06    0.0348079
       328.00000  1.00000e-06    0.0367036
       334.00000  1.00000e-06    0.0385228
       340.00000  1.00000e-06    0.0401415
       346.00000  1.00000e-06    0.0417601
       352.00000  1.00000e-06    0.0429978
       358.00000  1.00000e-06    0.0441773
       364.00000  1.00000e-06    0.0451643
       370.00000  1.00000e-06    0.0459248
       376.00000  1.00000e-06    0.0466527
       382.00000  1.00000e-06    0.0467739
       388.00000  1.00000e-06    0.0468951
       394.00000  1.00000e-06    0.0466135
       400.00000  1.00000e-06    0.0461080
       406.00000  1.00000e-06    0.0455196
       412.00000  1.00000e-06    0.0446601
       418.00000  1.00000e-06    0.0438006
       424.00000  1.00000e-06    0.0427982
       430.00000  1.00000e-06    0.0417657
       436.00000  1.00000e-06    0.0407346
       442.00000  1.00000e-06    0.0397053
       448.00000  1.00000e-06    0.0386788
       454.00000  1.00000e-06    0.0379489
       460.00000  1.00000e-06    0.0372190
       466.00000  1.00000e-06    0.0368263
       472.00000  1.00000e-06    0.0366572
       478.00000  1.00000e-06    0.0366462
       484.00000  1.00000e-06    0.0372959
       490.00000  1.00000e-06    0.0379457
       496.00000  1.00000e-06    0.0390134
       502.00000  1.00000e-06    0.0401958
       508.00000  1.00000e-06    0.0414374
       514.00000  1.00000e-06    0.0427769
       520.00000  1.00000e-06    0.0441165
       526.00000  1.00000e-06    0.0454857
       532.00000  1.00000e-06    0.0468559
       538.00000  1.00000e-06    0.0483148
       544.00000  1.00000e-06    0.0498434
       550.00000  1.00000e-06    0.0514001
       556.00000  1.00000e-06    0.0531138
       562.00000  1.00000e-06    0.0548276
       568.00000  1.00000e-06    0.0567073
       574.00000  1.00000e-06    0.0586443
       580.00000  1.00000e-06    0.0606839
       586.00000  1.00000e-06    0.0629271
       592.00000  1.00000e-06    0.0651702
       598.00000  1.00000e-06    0.0674580
       604.00000  1.00000e-06    0.0697493
       610.00000  1.00000e-06    0.0719238
       616.00000  1.00000e-06    0.0739899
       622.00000  1.00000e-06    0.0760393
       628.00000  1.00000e-06    0.0779538
       634.00000  1.00000e-06    0.0798683
       640.00000  1.00000e-06    0.0818023
       646.00000  1.00000e-06    0.0837446
       652.00000  1.00000e-06    0.0856638
       658.00000  1.00000e-06    0.0875274
       664.00000  1.00000e-06    0.0893909
       670.00000  1.00000e-06    0.0910001
       676.00000  1.00000e-06    0.0925762
       682.00000  1.00000e-06    0.0939606
       688.00000  1.00000e-06    0.0951346
       694.00000  1.00000e-06    0.0962970
       700.00000  1.00000e-06    0.0973018
       706.00000  1.00000e-06    0.0983067
       712.00000  1.00000e-06    0.0993885
       718.00000  1.00000e-06     0.100510
       724.00000  1.00000e-06     0.101654
       730.00000  1.00000e-06     0.102865
       736.00000  1.00000e-06     0.104077
       742.00000  1.00000e-06     0.105244
       748.00000  1.00000e-06     0.106403
       754.00000  1.00000e-06     0.107554
       760.00000  1.00000e-06     0.108695
       766.00000  1.00000e-06     0.109835
       772.00000  1.00000e-06     0.110969
       778.00000  1.00000e-06     0.112102
       784.00000  1.00000e-06     0.113326
       790.00000  1.00000e-06     0.114604
       796.00000  1.00000e-06     0.115973
       802.00000  1.00000e-06     0.117681
       808.00000  1.00000e-06     0.119388
       814.00000  1.00000e-06     0.121348
       820.00000  1.00000e-06     0.123371
       826.00000  1.00000e-06     0.125421
       832.00000  1.00000e-06     0.127514
       838.00000  1.00000e-06     0.129607
       844.00000  1.00000e-06     0.131557
       850.00000  1.00000e-06     0.133505
       856.00000  1.00000e-06     0.135479
       862.00000  1.00000e-06     0.137471
       868.00000  1.00000e-06     0.139514
       874.00000  1.00000e-06     0.141803
       880.00000  1.00000e-06     0.144092
       886.00000  1.00000e-06     0.146526
       892.00000  1.00000e-06     0.149007
       898.00000  1.00000e-06     0.151517
       904.00000  1.00000e-06     0.154083
       910.00000  1.00000e-06     0.156649
       916.00000  1.00000e-06     0.158928
       922.00000  1.00000e-06     0.161190
       928.00000  1.00000e-06     0.163323
       934.00000  1.00000e-06     0.165346
       940.00000  1.00000e-06     0.167348
       946.00000  1.00000e-06     0.169209
       952.00000  1.00000e-06     0.171069
       958.00000  1.00000e-06     0.172589
       964.00000  1.00000e-06     0.173976
       970.00000  1.00000e-06     0.175275
       976.00000  1.00000e-06     0.176382
       982.00000  1.00000e-06     0.177489
       988.00000  1.00000e-06     0.178512
       994.00000  1.00000e-06     0.179526
       1000.0000  1.00000e-06     0.180377
       1006.0000  1.00000e-06     0.181061
       1012.0000  1.00000e-06     0.181703
       1018.0000  1.00000e-06     0.181905
       1024.0000  1.00000e-06     0.182107
       1030.0000  1.00000e-06     0.182166
       1036.0000  1.00000e-06     0.182157
       1042.0000  1.00000e-06     0.182208
       1048.0000  1.00000e-06     0.182421
       1054.0000  1.00000e-06     0.182633
       1060.0000  1.00000e-06     0.183524
       1066.0000  1.00000e-06     0.184524
       1072.0000  1.00000e-06     0.185881
       1078.0000  1.00000e-06     0.187669
       1084.0000  1.00000e-06     0.189476
       1090.0000  1.00000e-06     0.191670
       1096.0000  1.00000e-06     0.193865
       1102.0000  1.00000e-06     0.195995
       1108.0000  1.00000e-06     0.198089
       1114.0000  1.00000e-06     0.200145
       1120.0000  1.00000e-06     0.202070
       1126.0000  1.00000e-06     0.203996
       1132.0000  1.00000e-06     0.205994
       1138.0000  1.00000e-06     0.208007
       1144.0000  1.00000e-06     0.210095
       1150.0000  1.00000e-06     0.212290
       1156.0000  1.00000e-06     0.214485
       1162.0000  1.00000e-06     0.216662
       1168.0000  1.00000e-06     0.218839
       1174.0000  1.00000e-06     0.220941
       1180.0000  1.00000e-06     0.222991
       1186.0000  1.00000e-06     0.225076
       1192.0000  1.00000e-06     0.227307
       1198.0000  1.00000e-06     0.229538
       1204.0000  1.00000e-06     0.231961
       1210.0000  1.00000e-06     0.234439
       1216.0000  1.00000e-06     0.236921
       1222.0000  1.00000e-06     0.239410
       1228.0000  1.00000e-06     0.241900
       1234.0000  1.00000e-06     0.244158
       1240.0000  1.00000e-06     0.246407
       1246.0000  1.00000e-06     0.248434
       1252.0000  1.00000e-06     0.250283
       1258.0000  1.00000e-06     0.252023
       1264.0000  1.00000e-06     0.253120
       1270.0000  1.00000e-06     0.254216
       1276.0000  1.00000e-06     0.254391
       1282.0000  1.00000e-06     0.254237
       1288.0000  1.00000e-06     0.253901
       1294.0000  1.00000e-06     0.253194
       1300.0000  1.00000e-06     0.252487
       1306.0000  1.00000e-06     0.251495
       1312.0000  1.00000e-06     0.250479
       1318.0000  1.00000e-06     0.249295
       1324.0000  1.00000e-06     0.247951
       1330.0000  1.00000e-06     0.246604
       1336.0000  1.00000e-06     0.245225
       1342.0000  1.00000e-06     0.243847
       1348.0000  1.00000e-06     0.242457
       1354.0000  1.00000e-06     0.241062
       1360.0000  1.00000e-06     0.239743
       1366.0000  1.00000e-06     0.238615
       1372.0000  1.00000e-06     0.237488
       1378.0000  1.00000e-06     0.236537
       1384.0000  1.00000e-06     0.235611
       1390.0000  1.00000e-06     0.234549
       1396.0000  1.00000e-06     0.233335
       1402.0000  1.00000e-06     0.232087
       1408.0000  1.00000e-06     0.230329
       1414.0000  1.00000e-06     0.228572
       1420.0000  1.00000e-06     0.226271
       1426.0000  1.00000e-06     0.223683
       1432.0000  1.00000e-06     0.220859
       1438.0000  1.00000e-06     0.217309
       1444.0000  1.00000e-06     0.213759
       1450.0000  1.00000e-06     0.209387
       1456.0000  1.00000e-06     0.204857
       1462.0000  1.00000e-06     0.199993
       1468.0000  1.00000e-06     0.194686
       1474.0000  1.00000e-06     0.189363
       1480.0000  1.00000e-06     0.183294
       1486.0000  1.00000e-06     0.177225
       1492.0000  1.00000e-06     0.170488
       1498.0000  1.00000e-06     0.163330
       1504.0000  1.00000e-06     0.155960
       1510.0000  1.00000e-06     0.147768
       1516.0000  1.00000e-06     0.139577
       1522.0000  1.00000e-06     0.130865
       1528.0000  1.00000e-06     0.122020
       1534.0000  1.00000e-06     0.113060
       1540.0000  1.00000e-06     0.103921
       1546.0000  1.00000e-06    0.0947817
       1552.0000  1.00000e-06    0.0859951
       1558.0000  1.00000e-06    0.0772160
       1564.0000  1.00000e-06    0.0689623
       1570.0000  1.00000e-06    0.0611030
       1576.0000  1.00000e-06    0.0534411
       1582.0000  1.00000e-06    0.0467937
       1588.0000  1.00000e-06    0.0401464
       1594.0000  1.00000e-06    0.0346104
       1600.0000  1.00000e-06    0.0294358
       1606.0000  1.00000e-06    0.0247869
       1612.0000  1.00000e-06    0.0211301
       1618.0000  1.00000e-06    0.0174733
       1624.0000  1.00000e-06    0.0151201
       1630.0000  1.00000e-06    0.0128530
       1636.0000  1.00000e-06    0.0111726
       1642.0000  1.00000e-06    0.0100128
       1648.0000  1.00000e-06   0.00895135
       1654.0000  1.00000e-06   0.00860133
       1660.0000  1.00000e-06   0.00825131
       1666.0000  1.00000e-06   0.00833993
       1672.0000  1.00000e-06   0.00860491
       1678.0000  1.00000e-06   0.00905975
       1684.0000  1.00000e-06   0.00994740
       1690.0000  1.00000e-06    0.0108350
       1696.0000  1.00000e-06    0.0124984
       1702.0000  1.00000e-06    0.0142511
       1708.0000  1.00000e-06    0.0165284
       1714.0000  1.00000e-06    0.0193553
       1720.0000  1.00000e-06    0.0222767
       1726.0000  1.00000e-06    0.0262844
       1732.0000  1.00000e-06    0.0302921
       1738.0000  1.00000e-06    0.0351421
       1744.0000  1.00000e-06    0.0404038
       1750.0000  1.00000e-06    0.0460493
       1756.0000  1.00000e-06    0.0527677
       1762.0000  1.00000e-06    0.0594862
       1768.0000  1.00000e-06    0.0675899
       1774.0000  1.00000e-06    0.0759282
       1780.0000  1.00000e-06    0.0850157
       1786.0000  1.00000e-06    0.0950304
       1792.0000  1.00000e-06     0.105094
       1798.0000  1.00000e-06     0.116364
       1804.0000  1.00000e-06     0.127634
       1810.0000  1.00000e-06     0.139391
       1816.0000  1.00000e-06     0.151432
       1822.0000  1.00000e-06     0.163569
       1828.0000  1.00000e-06     0.176039
       1834.0000  1.00000e-06     0.188510
       1840.0000  1.00000e-06     0.200864
       1846.0000  1.00000e-06     0.213192
       1852.0000  1.00000e-06     0.225228
       1858.0000  1.00000e-06     0.236835
       1864.0000  1.00000e-06     0.248443
       1870.0000  1.00000e-06     0.259162
       1876.0000  1.00000e-06     0.269878
       1882.0000  1.00000e-06     0.279954
       1888.0000  1.00000e-06     0.289584
       1894.0000  1.00000e-06     0.298953
       1900.0000  1.00000e-06     0.307143
       1906.0000  1.00000e-06     0.315333
       1912.0000  1.00000e-06     0.322493
       1918.0000  1.00000e-06     0.329349
       1924.0000  1.00000e-06     0.335864
       1930.0000  1.00000e-06     0.341783
       1936.0000  1.00000e-06     0.347702
       1942.0000  1.00000e-06     0.352824
       1948.0000  1.00000e-06     0.357909
       1954.0000  1.00000e-06     0.362599
       1960.0000  1.00000e-06     0.366963
       1966.0000  1.00000e-06     0.371282
       1972.0000  1.00000e-06     0.375328
       1978.0000  1.00000e-06     0.379373
       1984.0000  1.00000e-06     0.383209
       1990.0000  1.00000e-06     0.386967
       1996.0000  1.00000e-06     0.390629
       2002.0000  1.00000e-06     0.394089
       2008.0000  1.00000e-06     0.397548
       2014.0000  1.00000e-06     0.400794
       2020.0000  1.00000e-06     0.404020
       2026.0000  1.00000e-06     0.407092
       2032.0000  1.00000e-06     0.410015
       2038.0000  1.00000e-06     0.412920
       2044.0000  1.00000e-06     0.415668
       2050.0000  1.00000e-06     0.418415
       2056.0000  1.00000e-06     0.420870
       2062.0000  1.00000e-06     0.423194
       2068.0000  1.00000e-06     0.425299
       2074.0000  1.00000e-06     0.426846
       2080.0000  1.00000e-06     0.428392
       2086.0000  1.00000e-06     0.429243
       2092.0000  1.00000e-06     0.429992
       2098.0000  1.00000e-06     0.430368
       2104.0000  1.00000e-06     0.430313
       2110.0000  1.00000e-06     0.430234
       2116.0000  1.00000e-06     0.429740
       2122.0000  1.00000e-06     0.429245
       2128.0000  1.00000e-06     0.428442
       2134.0000  1.00000e-06     0.427472
       2140.0000  1.00000e-06     0.426317
       2146.0000  1.00000e-06     0.424576
       2152.0000  1.00000e-06     0.422835
       2158.0000  1.00000e-06     0.420324
       2164.0000  1.00000e-06     0.417658
       2170.0000  1.00000e-06     0.414522
       2176.0000  1.00000e-06     0.410748
       2182.0000  1.00000e-06     0.406954
       2188.0000  1.00000e-06     0.401866
       2194.0000  1.00000e-06     0.396779
       2200.0000  1.00000e-06     0.390895
       2206.0000  1.00000e-06     0.384494
       2212.0000  1.00000e-06     0.377897
       2218.0000  1.00000e-06     0.370503
       2224.0000  1.00000e-06     0.363110
       2230.0000  1.00000e-06     0.355399
       2236.0000  1.00000e-06     0.347604
       2242.0000  1.00000e-06     0.339784
       2248.0000  1.00000e-06     0.331923
       2254.0000  1.00000e-06     0.324063
       2260.0000  1.00000e-06     0.315896
       2266.0000  1.00000e-06     0.307721
       2272.0000  1.00000e-06     0.299580
       2278.0000  1.00000e-06     0.291465
       2284.0000  1.00000e-06     0.283365
       2290.0000  1.00000e-06     0.275347
       2296.0000  1.00000e-06     0.267328
       2302.0000  1.00000e-06     0.259171
       2308.0000  1.00000e-06     0.250967
       2314.0000  1.00000e-06     0.242621
       2320.0000  1.00000e-06     0.233996
       2326.0000  1.00000e-06     0.225372
       2332.0000  1.00000e-06     0.216039
       2338.0000  1.00000e-06     0.206655
       2344.0000  1.00000e-06     0.196887
       2350.0000  1.00000e-06     0.186769
       2356.0000  1.00000e-06     0.176568
       2362.0000  1.00000e-06     0.165727
       2368.0000  1.00000e-06     0.154886
       2374.0000  1.00000e-06     0.143970
       2380.0000  1.00000e-06     0.133023
       2386.0000  1.00000e-06     0.122217
       2392.0000  1.00000e-06     0.111742
       2398.0000  1.00000e-06     0.101266
       2404.0000  1.00000e-06    0.0915621
       2410.0000  1.00000e-06    0.0819535
       2416.0000  1.00000e-06    0.0729033
       2422.0000  1.00000e-06    0.0644531
       2428.0000  1.00000e-06    0.0561116
       2434.0000  1.00000e-06    0.0491344
       2440.0000  1.00000e-06    0.0421573
       2446.0000  1.00000e-06    0.0362258
       2452.0000  1.00000e-06    0.0308200
       2458.0000  1.00000e-06    0.0258075
       2464.0000      2.70167    0.0219313
       2470.0000      2.84514    0.0180551
       2476.0000      2.99496    0.0153141
       2482.0000      2.76210    0.0127752
       2488.0000      1.90681    0.0106910
       2494.0000     0.974334   0.00918423
       2500.0000     0.562804   0.00769891
       2506.0000     0.365775   0.00685737
       2512.0000   0.00985061   0.00601583
       2518.0000  1.00000e-06   0.00541479
       2524.0000  1.00000e-06   0.00495865
       2530.0000  1.00000e-06   0.00455595
       2536.0000  1.00000e-06   0.00434752
       2542.0000  1.00000e-06   0.00413908
       2548.0000  1.00000e-06   0.00406024
       2554.0000  1.00000e-06   0.00401230
       2560.0000  1.00000e-06   0.00397551
       2566.0000  1.00000e-06   0.00395551
       2572.0000  1.00000e-06   0.00393552
       2578.0000  1.00000e-06   0.00390994
       2584.0000  1.00000e-06   0.00388432
       2590.0000  1.00000e-06   0.00385770
       2596.0000  1.00000e-06   0.00383036
       2602.0000  1.00000e-06   0.00380051
       2608.0000     0.138826   0.00375876
       2614.0000     0.265689   0.00371701
       2620.0000     0.185186   0.00366189
       2626.0000    0.0114764   0.00360268
       2632.0000  1.00000e-06   0.00354721
       2638.0000  1.00000e-06   0.00349844
       2644.0000  1.00000e-06   0.00344967
       2650.0000  1.00000e-06   0.00342963
       2656.0000  1.00000e-06   0.00341113
       2662.0000  1.00000e-06   0.00338983
       2668.0000  1.00000e-06   0.00336616
       2674.0000  1.00000e-06   0.00333646
       2680.0000     0.379770   0.00326744
       2686.0000      1.54635   0.00319841
       2692.0000      2.67247   0.00312004
       2698.0000      3.78763   0.00303811
       2704.0000      4.66173   0.00296523
       2710.0000      5.33960   0.00291192
       2716.0000      6.38655   0.00285860
       2722.0000      7.71520   0.00278850
       2728.0000      8.72922   0.00271670
       2734.0000      9.24494   0.00264770
       2740.0000      9.75511   0.00258152
       2746.0000      10.2135   0.00251584
       2752.0000      10.6458   0.00245511
       2758.0000      12.1001   0.00239438
       2764.0000      14.8425   0.00234614
       2770.0000      18.4902   0.00230370
       2776.0000      22.4464   0.00225940
       2782.0000      26.6524   0.00221019
       2788.0000      30.8990   0.00216098
       2794.0000      35.1443   0.00210667
       2800.0000      39.1277   0.00205158
       2806.0000      42.9128   0.00200085
       2812.0000      46.9257   0.00195527
       2818.0000      51.5511   0.00191001
       2824.0000      56.1227   0.00187076
       2830.0000      60.5175   0.00183152
       2836.0000      65.5116   0.00178744
       2842.0000      70.8189   0.00174066
       2848.0000      74.8939   0.00169071
       2854.0000      78.0073   0.00163036
       2860.0000      81.1110   0.00157001
       2866.0000      84.1404   0.00149778
       2872.0000      85.9671   0.00142304
       2878.0000      86.6366   0.00135116
       2884.0000      87.0185   0.00128330
       2890.0000      87.1999   0.00121562
       2896.0000      85.8330   0.00116770
       2902.0000      81.7651   0.00111979
       2908.0000      76.6385   0.00107942
       2914.0000      72.1299   0.00104407
       2920.0000      68.2404   0.00100914
       2926.0000      63.8573  0.000975974
       2932.0000      58.8578  0.000942809
       2938.0000      53.9312  0.000918180
       2944.0000      48.9715  0.000895908
       2950.0000      42.0867  0.000873990
       2956.0000      33.6700  0.000852661
       2962.0000      26.4149  0.000831332
       2968.0000      21.4464  0.000807258
       2974.0000      16.9076  0.000783091
       2980.0000      11.8969  0.000759385
       2986.0000      6.94226  0.000736044
       2992.0000      2.74379  0.000712255
       2998.0000     0.325343  0.000685944
       3004.0000  1.00000e-06  0.000659633
       3010.0000  1.00000e-06  0.000633939
       3016.0000  1.00000e-06  0.000608459
       3022.0000     0.195894  0.000582547
       3028.0000    0.0772766  0.000555772
       3034.0000  1.00000e-06  0.000528998
       3040.0000  1.00000e-06  0.000501808
       3046.0000  1.00000e-06  0.000474585
       3052.0000  1.00000e-06  0.000454500
       3058.0000  1.00000e-06  0.000441075
       3064.0000  1.00000e-06  0.000428470
       3070.0000  1.00000e-06  0.000422568
       3076.0000  1.00000e-06  0.000416665
       3082.0000      1.34320  0.000405794
       3088.0000      1.88525  0.000392801
       3094.0000      1.35020  0.000377384
       3100.0000    0.0807625  0.000356102
       3106.0000  1.00000e-06  0.000334820
       3112.0000  1.00000e-06  0.000321511
       3118.0000  1.00000e-06  0.000309248
       3124.0000  1.00000e-06  0.000298287
       3130.0000  1.00000e-06  0.000288760
       3136.0000  1.00000e-06  0.000278970
       3142.0000  1.00000e-06  0.000265555
       3148.0000  1.00000e-06  0.000252139
       3154.0000  1.00000e-06  0.000240959
       3160.0000  1.00000e-06  0.000230933
       3166.0000  1.00000e-06  0.000222476
       3172.0000  1.00000e-06  0.000218698
       3178.0000  1.00000e-06  0.000214920
       3184.0000  1.00000e-06  0.000212316
       3190.0000     0.689856  0.000209931
       3196.0000      3.68615  0.000209683
       3202.0000      5.66428  0.000212216
       3208.0000      6.35168  0.000214907
       3214.0000      4.81847  0.000223460
       3220.0000      1.48122  0.000232013
       3226.0000  1.00000e-06  0.000234233
       3232.0000  1.00000e-06  0.000232536
       3238.0000  1.00000e-06  0.000230162
       3244.0000  1.00000e-06  0.000225236
       3250.0000  1.00000e-06  0.000220311
       3256.0000  1.00000e-06  0.000221714
       3262.0000  1.00000e-06  0.000224687
       3268.0000  1.00000e-06  0.000228059
       3274.0000  1.00000e-06  0.000232047
       3280.0000  1.00000e-06  0.000236034
       3286.0000     0.983442  0.000233994
       3292.0000      3.16498  0.000231859
       3298.0000      4.23414  0.000233646
       3304.0000      5.39359  0.000238315
       3310.0000      6.35300  0.000243458
       3316.0000      6.08902  0.000250945
       3322.0000      4.33847  0.000258432
       3328.0000      2.01076  0.000255816
       3334.0000  1.00000e-06  0.000250005
       3340.0000  1.00000e-06  0.000241634
       3346.0000  1.00000e-06  0.000228539
       3352.0000  1.00000e-06  0.000215445
       3358.0000  1.00000e-06  0.000206207
       3364.0000  1.00000e-06  0.000197202
       3370.0000  1.00000e-06  0.000194778
       3376.0000  1.00000e-06  0.000198075
       3382.0000  1.00000e-06  0.000201820
       3388.0000  1.00000e-06  0.000208654
       3394.0000  1.00000e-06  0.000215488
       3400.0000  1.00000e-06  0.000221364
       3406.0000  1.00000e-06  0.000226864
       3412.0000  1.00000e-06  0.000228400
       3418.0000  1.00000e-06  0.000221113
       3424.0000  1.00000e-06  0.000213826
       3430.0000  1.00000e-06  0.000207122
       3436.0000  1.00000e-06  0.000200481
       3442.0000  1.00000e-06  0.000196279
       3448.0000  1.00000e-06  0.000194581
       3454.0000  1.00000e-06  0.000192935
       3460.0000  1.00000e-06  0.000191846
       3466.0000  1.00000e-06  0.000190757
       3472.0000  1.00000e-06  0.000184274
       3478.0000  1.00000e-06  0.000175216
       3484.0000  1.00000e-06  0.000167012
       3490.0000  1.00000e-06  0.000161137
       3496.0000  1.00000e-06  0.000155262
       3502.0000  1.00000e-06  0.000158660
       3508.0000  1.00000e-06  0.000163564
       3514.0000  1.00000e-06  0.000166637
       3520.0000  1.00000e-06  0.000167491
       3526.0000  1.00000e-06  0.000168305
       3532.0000  1.00000e-06  0.000168227
       3538.0000  1.00000e-06  0.000168149
       3544.0000  1.00000e-06  0.000167552
       3550.0000  1.00000e-06  0.000166656
       3556.0000  1.00000e-06  0.000166195
       3562.0000  1.00000e-06  0.000167210
       3568.0000  1.00000e-06  0.000168226
       3574.0000  1.00000e-06  0.000172949
       3580.0000  1.00000e-06  0.000178492
       3586.0000  1.00000e-06  0.000182266
       3592.0000  1.00000e-06  0.000183497
       3598.0000  1.00000e-06  0.000184725
       3604.0000  1.00000e-06  0.000184537
       3610.0000  1.00000e-06  0.000184349
       3616.0000  1.00000e-06  0.000178302
       3622.0000  1.00000e-06  0.000168250
       3628.0000  1.00000e-06  0.000157119
       3634.0000  1.00000e-06  0.000141255
       3640.0000  1.00000e-06  0.000125391
       3646.0000  1.00000e-06  0.000110802
       3652.0000  1.00000e-06  9.65781e-05
       3658.0000  1.00000e-06  8.47593e-05
       3664.0000  1.00000e-06  7.70528e-05
       3670.0000  1.00000e-06  6.93463e-05
       3676.0000  1.00000e-06  6.74582e-05
       3682.0000  1.00000e-06  6.58078e-05
       3688.0000  1.00000e-06  6.23948e-05
       3694.0000  1.00000e-06  5.75543e-05
       3700.0000  1.00000e-06  5.27136e-05
       3706.0000  1.00000e-06  4.78721e-05
       3712.0000  1.00000e-06  4.30305e-05
       3718.0000  1.00000e-06  3.99261e-05
       3724.0000  1.00000e-06  3.74451e-05
       3730.0000  1.00000e-06  3.29631e-05
       3736.0000  1.00000e-06  2.43748e-05
       3742.0000  1.00000e-06  1.57865e-05
       3748.0000  1.00000e-06  1.02504e-05
       3754.0000  1.00000e-06  4.98208e-06
       3760.0000  1.00000e-06  2.10750e-06
       3766.0000  1.00000e-06  1.52378e-06
       3772.0000  1.00000e-06  1.00000e-06
       3778.0000  1.00000e-06  1.00000e-06
       3784.0000  1.00000e-06  1.00000e-06
       3790.0000  1.00000e-06  1.00000e-06
       3796.0000  1.00000e-06  1.00000e-06
       3802.0000  1.00000e-06  1.00000e-06
       3808.0000  1.00000e-06  1.00000e-06
       3814.0000  1.00000e-06  1.00000e-06
       3820.0000  1.00000e-06  1.00000e-06
       3826.0000  1.00000e-06  1.00000e-06
       3832.0000  1.00000e-06  1.00000e-06
       3838.0000  1.00000e-06  1.00000e-06
       3844.0000  1.00000e-06  1.00000e-06
       3850.0000  1.00000e-06  1.00000e-06
       3856.0000  1.00000e-06  1.00000e-06
       3862.0000  1.00000e-06  1.00000e-06
       3868.0000  1.00000e-06  1.00000e-06
       3874.0000  1.00000e-06  1.00000e-06
       3880.0000  1.00000e-06  1.00000e-06
       3886.0000  1.00000e-06  1.00000e-06
       3892.0000  1.00000e-06  1.00000e-06
       3898.0000  1.00000e-06  1.00000e-06
       3904.0000  1.00000e-06  1.00000e-06
       3910.0000  1.00000e-06  1.00000e-06
       3916.0000  1.00000e-06  1.00000e-06
       3922.0000  1.00000e-06  1.00000e-06
       3928.0000  1.00000e-06  1.00000e-06
       3934.0000  1.00000e-06  1.00000e-06
       3940.0000  1.00000e-06  1.00000e-06
       3946.0000  1.00000e-06  1.00000e-06
       3952.0000  1.00000e-06  1.00000e-06
       3958.0000  1.00000e-06  1.00000e-06
       3964.0000  1.00000e-06  1.00000e-06
       3970.0000  1.00000e-06  1.00000e-06
       3976.0000  1.00000e-06  1.00000e-06
       3982.0000  1.00000e-06  1.00000e-06
       3988.0000  1.00000e-06  1.00000e-06
       3994.0000  1.00000e-06  1.00000e-06
       4000.0000  1.00000e-06  1.00000e-06
       4006.0000  1.00000e-06  1.00000e-06
       4012.0000  1.00000e-06  1.00000e-06
       4018.0000  1.00000e-06  1.00000e-06
       4024.0000  1.00000e-06  1.00000e-06
       4030.0000  1.00000e-06  1.00000e-06
       4036.0000  1.00000e-06  1.00000e-06
       4042.0000  1.00000e-06  1.00000e-06
       4048.0000  1.00000e-06  1.00000e-06
       4054.0000  1.00000e-06  1.00000e-06
       4060.0000  1.00000e-06  1.00000e-06
       4066.0000  1.00000e-06  1.00000e-06
       4072.0000  1.00000e-06  1.00000e-06
       4078.0000  1.00000e-06  1.00000e-06
       4084.0000  1.00000e-06  1.00000e-06
       4090.0000  1.00000e-06  1.00000e-06
       4096.0000  1.00000e-06  1.00000e-06
       4102.0000  1.00000e-06  1.00000e-06
       4108.0000  1.00000e-06  1.00000e-06
       4114.0000  1.00000e-06  1.00000e-06
       4120.0000  1.00000e-06  1.00000e-06
       4126.0000  1.00000e-06  1.00000e-06
       4132.0000  1.00000e-06  1.00000e-06
       4138.0000  1.00000e-06  1.00000e-06
       4144.0000  1.00000e-06  1.00000e-06
       4150.0000  1.00000e-06  1.00000e-06
       4156.0000  1.00000e-06  1.00000e-06
       4162.0000  1.00000e-06  1.00000e-06
       4168.0000  1.00000e-06  1.00000e-06
       4174.0000  1.00000e-06  1.00000e-06
       4180.0000  1.00000e-06  1.00000e-06
       4186.0000  1.00000e-06  1.00000e-06
       4192.0000  1.00000e-06  1.00000e-06
       4198.0000  1.00000e-06  1.00000e-06
       4204.0000  1.00000e-06  1.00000e-06
       4210.0000  1.00000e-06  1.00000e-06
       4216.0000  1.00000e-06  1.00000e-06
       4222.0000  1.00000e-06  1.00000e-06
       4228.0000  1.00000e-06  1.00000e-06
       4234.0000  1.00000e-06  1.00000e-06
       4240.0000  1.00000e-06  1.00000e-06
       4246.0000  1.00000e-06  1.00000e-06
       4252.0000  1.00000e-06  1.00000e-06
       4258.0000  1.00000e-06  1.00000e-06
       4264.0000  1.00000e-06  1.00000e-06
       4270.0000  1.00000e-06  1.00000e-06
       4276.0000  1.00000e-06  1.00000e-06
       4282.0000  1.00000e-06  1.00000e-06
       4288.0000  1.00000e-06  1.00000e-06
       4294.0000  1.00000e-06  1.00000e-06
       4300.0000  1.00000e-06  1.00000e-06
       4306.0000  1.00000e-06  1.00000e-06
       4312.0000  1.00000e-06  1.00000e-06
       4318.0000  1.00000e-06  1.00000e-06
       4324.0000  1.00000e-06  1.00000e-06
       4330.0000  1.00000e-06  1.00000e-06
       4336.0000  1.00000e-06  1.00000e-06
       4342.0000  1.00000e-06  1.00000e-06
       4348.0000  1.00000e-06  1.00000e-06
       4354.0000  1.00000e-06  1.00000e-06
       4360.0000  1.00000e-06  1.00000e-06
       4366.0000  1.00000e-06  1.00000e-06
       4372.0000  1.00000e-06  1.00000e-06
       4378.0000  1.00000e-06  1.00000e-06
       4384.0000  1.00000e-06  1.00000e-06
       4390.0000  1.00000e-06  1.00000e-06
       4396.0000  1.00000e-06  1.00000e-06
       4402.0000  1.00000e-06  1.00000e-06
       4408.0000  1.00000e-06  1.00000e-06
       4414.0000  1.00000e-06  1.00000e-06
       4420.0000  1.00000e-06  1.00000e-06
       4426.0000  1.00000e-06  1.00000e-06
       4432.0000  1.00000e-06  1.00000e-06
       4438.0000  1.00000e-06  1.00000e-06
       4444.0000  1.00000e-06  1.00000e-06
       4450.0000  1.00000e-06  1.00000e-06
       4456.0000  1.00000e-06  1.00000e-06
       4462.0000  1.00000e-06  1.00000e-06
       4468.0000  1.00000e-06  1.00000e-06
       4474.0000  1.00000e-06  1.00000e-06
       4480.0000  1.00000e-06  1.00000e-06
       4486.0000  1.00000e-06  1.00000e-06
       4492.0000  1.00000e-06  1.00000e-06
       4498.0000  1.00000e-06  1.00000e-06
       4504.0000  1.00000e-06  1.00000e-06
       4510.0000  1.00000e-06  1.00000e-06
       4516.0000  1.00000e-06  1.00000e-06
       4522.0000  1.00000e-06  1.00000e-06
       4528.0000  1.00000e-06  1.00000e-06
       4534.0000  1.00000e-06  1.00000e-06
       4540.0000  1.00000e-06  1.00000e-06
       4546.0000  1.00000e-06  1.00000e-06
       4552.0000  1.00000e-06  1.00000e-06
       4558.0000  1.00000e-06  1.00000e-06
       4564.0000  1.00000e-06  1.00000e-06
       4570.0000  1.00000e-06  1.00000e-06
       4576.0000  1.00000e-06  1.00000e-06
       4582.0000  1.00000e-06  1.00000e-06
       4588.0000  1.00000e-06  1.00000e-06
       4594.0000  1.00000e-06  1.00000e-06
       4600.0000  1.00000e-06  1.00000e-06
       4606.0000  1.00000e-06  1.00000e-06
       4612.0000  1.00000e-06  1.00000e-06
       4618.0000  1.00000e-06  1.00000e-06
       4624.0000  1.00000e-06  1.00000e-06
       4630.0000  1.00000e-06  1.00000e-06
       4636.0000  1.00000e-06  1.00000e-06
       4642.0000  1.00000e-06  1.00000e-06
       4648.0000  1.00000e-06  1.00000e-06
       4654.0000  1.00000e-06  1.00000e-06
       4660.0000  1.00000e-06  1.00000e-06
       4666.0000  1.00000e-06  1.00000e-06
       4672.0000  1.00000e-06  1.00000e-06
       4678.0000  1.00000e-06  1.00000e-06
       4684.0000  1.00000e-06  1.00000e-06
       4690.0000  1.00000e-06  1.00000e-06
       4696.0000  1.00000e-06  1.00000e-06
       4702.0000  1.00000e-06  1.00000e-06
       4708.0000  1.00000e-06  1.00000e-06
       4714.0000  1.00000e-06  1.00000e-06
       4720.0000  1.00000e-06  1.00000e-06
       4726.0000  1.00000e-06  1.00000e-06
       4732.0000  1.00000e-06  1.00000e-06
       4738.0000  1.00000e-06  1.00000e-06
       4744.0000  1.00000e-06  1.00000e-06
       4750.0000  1.00000e-06  1.00000e-06
       4756.0000  1.00000e-06  1.00000e-06
       4762.0000  1.00000e-06  1.00000e-06
       4768.0000  1.00000e-06  1.00000e-06
       4774.0000  1.00000e-06  1.00000e-06
       4780.0000  1.00000e-06  1.00000e-06
       4786.0000  1.00000e-06  1.00000e-06
       4792.0000  1.00000e-06  1.00000e-06
       4798.0000  1.00000e-06  1.00000e-06
       4804.0000  1.00000e-06  1.00000e-06
       4810.0000  1.00000e-06  1.00000e-06
       4816.0000  1.00000e-06  1.00000e-06
       4822.0000  1.00000e-06  1.00000e-06
       4828.0000  1.00000e-06  1.00000e-06
       4834.0000  1.00000e-06  1.00000e-06
       4840.0000  1.00000e-06  1.00000e-06
       4846.0000  1.00000e-06  1.00000e-06
       4852.0000  1.00000e-06  1.00000e-06
       4858.0000  1.00000e-06  1.00000e-06
       4864.0000  1.00000e-06  1.00000e-06
       4870.0000  1.00000e-06  1.00000e-06
       4876.0000  1.00000e-06  1.00000e-06
       4882.0000  1.00000e-06  1.00000e-06
       4888.0000  1.00000e-06  1.00000e-06
       4894.0000  1.00000e-06  1.00000e-06
       4900.0000  1.00000e-06  1.00000e-06
       4906.0000  1.00000e-06  1.00000e-06
       4912.0000  1.00000e-06  1.00000e-06
       4918.0000  1.00000e-06  1.00000e-06
       4924.0000  1.00000e-06  1.00000e-06
       4930.0000  1.00000e-06  1.00000e-06
       4936.0000  1.00000e-06  1.00000e-06
       4942.0000  1.00000e-06  1.00000e-06
       4948.0000  1.00000e-06  1.00000e-06
       4954.0000  1.00000e-06  1.00000e-06
       4960.0000  1.00000e-06  2.84467e-06
       4966.0000  1.00000e-06  5.80617e-06
       4972.0000  1.00000e-06  8.62651e-06
       4978.0000  1.00000e-06  1.09302e-05
       4984.0000  1.00000e-06  1.32340e-05
       4990.0000  1.00000e-06  2.10214e-05
       4996.0000  1.00000e-06  3.01261e-05
       5002.0000  1.00000e-06  3.53208e-05
       5008.0000  1.00000e-06  3.46022e-05
       5014.0000  1.00000e-06  3.38836e-05
       5020.0000  1.00000e-06  3.23950e-05
       5026.0000  1.00000e-06  3.08985e-05
       5032.0000  1.00000e-06  2.99014e-05
       5038.0000  1.00000e-06  2.92639e-05
       5044.0000  1.00000e-06  2.89215e-05
       5050.0000  1.00000e-06  2.99887e-05
       5056.0000  1.00000e-06  3.10560e-05
       5062.0000  1.00000e-06  3.20685e-05
       5068.0000  1.00000e-06  3.30641e-05
       5074.0000  1.00000e-06  3.55243e-05
       5080.0000  1.00000e-06  4.06276e-05
       5086.0000  1.00000e-06  4.57309e-05
       5092.0000  1.00000e-06  4.64271e-05
       5098.0000  1.00000e-06  4.68827e-05
       5104.0000  1.00000e-06  4.73466e-05
       5110.0000  1.00000e-06  4.78174e-05
       5116.0000  1.00000e-06  4.94555e-05
       5122.0000  1.00000e-06  5.87910e-05
       5128.0000  1.00000e-06  6.81264e-05
       5134.0000  1.00000e-06  7.35496e-05
       5140.0000  1.00000e-06  7.74768e-05
       5146.0000  1.00000e-06  7.96024e-05
       5152.0000  1.00000e-06  7.78124e-05
       5158.0000  1.00000e-06  7.60223e-05
       5164.0000  1.00000e-06  7.45780e-05
       5170.0000  1.00000e-06  7.31692e-05
       5176.0000  1.00000e-06  7.35053e-05
       5182.0000  1.00000e-06  7.55966e-05
       5188.0000  1.00000e-06  7.73744e-05
       5194.0000  1.00000e-06  7.59928e-05
       5200.0000  1.00000e-06  7.46112e-05
       5206.0000  1.00000e-06  7.47880e-05
       5212.0000  1.00000e-06  7.56915e-05
       5218.0000  1.00000e-06  7.55995e-05
       5224.0000  1.00000e-06  7.28654e-05
       5230.0000  1.00000e-06  7.01314e-05
       5236.0000  1.00000e-06  6.31690e-05
       5242.0000  1.00000e-06  5.55486e-05
       5248.0000  1.00000e-06  5.15362e-05
       5254.0000  1.00000e-06  5.18101e-05
       5260.0000  1.00000e-06  5.22756e-05
       5266.0000  1.00000e-06  5.64801e-05
       5272.0000  1.00000e-06  6.06845e-05
       5278.0000  1.00000e-06  6.29498e-05
       5284.0000  1.00000e-06  6.41266e-05
       5290.0000  1.00000e-06  6.66575e-05
       5296.0000  1.00000e-06  7.36666e-05
       5302.0000  1.00000e-06  8.06757e-05
       5308.0000  1.00000e-06  8.56313e-05
       5314.0000  1.00000e-06  9.01480e-05
       5320.0000  1.00000e-06  8.98622e-05
       5326.0000  1.00000e-06  8.28234e-05
       5332.0000  1.00000e-06  7.58239e-05
       5338.0000  1.00000e-06  7.41373e-05
       5344.0000  1.00000e-06  7.24508e-05
       5350.0000  1.00000e-06  7.33990e-05
       5356.0000  1.00000e-06  7.61106e-05
       5362.0000  1.00000e-06  7.82348e-05
       5368.0000  1.00000e-06  7.78669e-05
       5374.0000  1.00000e-06  7.74989e-05
       5380.0000  1.00000e-06  7.81492e-05
       5386.0000  1.00000e-06  7.90827e-05
       5392.0000  1.00000e-06  8.00764e-05
       5398.0000  1.00000e-06  8.11709e-05
       5404.0000  1.00000e-06  8.22654e-05
       5410.0000  1.00000e-06  8.05210e-05
       5416.0000  1.00000e-06  7.86763e-05
       5422.0000  1.00000e-06  7.52002e-05
       5428.0000  1.00000e-06  7.04292e-05
       5434.0000  1.00000e-06  6.61294e-05
       5440.0000  1.00000e-06  6.45155e-05
       5446.0000  1.00000e-06  6.29016e-05
       5452.0000  1.00000e-06  6.19256e-05
       5458.0000  1.00000e-06  6.11726e-05
       5464.0000  1.00000e-06  6.07415e-05
       5470.0000  1.00000e-06  6.09563e-05
       5476.0000  1.00000e-06  6.11711e-05
       5482.0000  1.00000e-06  6.60670e-05
       5488.0000  1.00000e-06  7.13459e-05
       5494.0000  1.00000e-06  7.66247e-05
