      -500.00000  1.00000e-06  8.91688e-05
      -494.00000  1.00000e-06  9.48121e-05
      -488.00000  1.00000e-06  0.000100535
      -482.00000  1.00000e-06  0.000103623
      -476.00000  1.00000e-06  0.000104193
      -470.00000  1.00000e-06  0.000104219
      -464.00000  1.00000e-06  9.96189e-05
      -458.00000  1.00000e-06  9.50184e-05
      -452.00000  1.00000e-06  9.33447e-05
      -446.00000  1.00000e-06  9.29295e-05
      -440.00000  1.00000e-06  9.27285e-05
      -434.00000  1.00000e-06  9.30437e-05
      -428.00000  1.00000e-06  9.33589e-05
      -422.00000  1.00000e-06  9.25879e-05
      -416.00000  1.00000e-06  9.16788e-05
      -410.00000  1.00000e-06  9.16509e-05
      -404.00000  1.00000e-06  9.25741e-05
      -398.00000  1.00000e-06  9.36280e-05
      -392.00000  1.00000e-06  9.62959e-05
      -386.00000  1.00000e-06  9.89638e-05
      -380.00000  1.00000e-06  0.000100976
      -374.00000  1.00000e-06  0.000102664
      -368.00000  1.00000e-06  0.000104644
      -362.00000  1.00000e-06  0.000107442
      -356.00000  1.00000e-06  0.000110239
      -350.00000  1.00000e-06  0.000113154
      -344.00000  1.00000e-06  0.000116087
      -338.00000  1.00000e-06  0.000117085
      -332.00000  1.00000e-06  0.000115722
      -326.00000  1.00000e-06  0.000114076
      -320.00000  1.00000e-06  0.000106325
      -314.00000  1.00000e-06  9.85741e-05
      -308.00000  1.00000e-06  9.40119e-05
      -302.00000  1.00000e-06  9.12563e-05
      -296.00000  1.00000e-06  9.13452e-05
      -290.00000  1.00000e-06  0.000100837
      -284.00000  1.00000e-06  0.000110329
      -278.00000  1.00000e-06  0.000123567
      -272.00000  1.00000e-06  0.000137592
      -266.00000  1.00000e-06  0.000144028
      -260.00000  1.00000e-06  0.000139986
      -254.00000  1.00000e-06  0.000135923
      -248.00000  1.00000e-06  0.000130406
      -242.00000  1.00000e-06  0.000124889
      -236.00000  1.00000e-06  0.000117943
      -230.00000  1.00000e-06  0.000110077
      -224.00000  1.00000e-06  0.000103737
      -218.00000  1.00000e-06  0.000103435
      -212.00000  1.00000e-06  0.000103132
      -206.00000  1.00000e-06  0.000107953
      -200.00000  1.00000e-06  0.000114090
      -194.00000  1.00000e-06  0.000119290
      -188.00000  1.00000e-06  0.000123024
      -182.00000  1.00000e-06  0.000126757
      -176.00000  1.00000e-06  0.000136096
      -170.00000  1.00000e-06  0.000145529
      -164.00000  1.00000e-06  0.000153944
      -158.00000  1.00000e-06  0.000161614
      -152.00000  1.00000e-06  0.000167840
      -146.00000  1.00000e-06  0.000167080
      -140.00000  1.00000e-06  0.000166320
      -134.00000  1.00000e-06  0.000163893
      -128.00000  1.00000e-06  0.000160953
      -122.00000  1.00000e-06  0.000159731
      -116.00000  1.00000e-06  0.000161574
      -110.00000  1.00000e-06  0.000163417
      -104.00000  1.00000e-06  0.000172501
      -98.000000  1.00000e-06  0.000181941
      -92.000000  1.00000e-06  0.000195160
      -86.000000  1.00000e-06  0.000211508
      -80.000000  1.00000e-06  0.000230854
      -74.000000  1.00000e-06  0.000268493
      -68.000000  1.00000e-06  0.000306132
      -62.000000  1.00000e-06  0.000375279
      -56.000000  1.00000e-06  0.000455803
      -50.000000  1.00000e-06  0.000585349
      -44.000000  1.00000e-06  0.000815050
      -38.000000  1.00000e-06   0.00104475
      -32.000000  1.00000e-06   0.00166222
      -26.000000  1.00000e-06   0.00231226
      -20.000000  1.00000e-06   0.00347780
      -14.000000  1.00000e-06   0.00512606
      -8.0000000  1.00000e-06   0.00698337
      -2.0000000  1.00000e-06    0.0105264
       4.0000000  1.00000e-06    0.0140694
       10.000000  1.00000e-06    0.0196658
       16.000000  1.00000e-06    0.0261245
       22.000000  1.00000e-06    0.0336167
       28.000000  1.00000e-06    0.0435417
       34.000000  1.00000e-06    0.0534667
       40.000000  1.00000e-06    0.0657331
       46.000000  1.00000e-06    0.0782828
       52.000000  1.00000e-06    0.0908626
       58.000000  1.00000e-06     0.103474
       64.000000  1.00000e-06     0.115850
       70.000000  1.00000e-06     0.125510
       76.000000  1.00000e-06     0.135169
       82.000000  1.00000e-06     0.141235
       88.000000  1.00000e-06     0.145560
       94.000000  1.00000e-06     0.148254
       100.00000  1.00000e-06     0.146485
       106.00000  1.00000e-06     0.144715
       112.00000  1.00000e-06     0.138549
       118.00000  1.00000e-06     0.131676
       124.00000  1.00000e-06     0.123260
       130.00000  1.00000e-06     0.112997
       136.00000  1.00000e-06     0.102675
       142.00000  1.00000e-06    0.0912073
       148.00000  1.00000e-06    0.0797390
       154.00000  1.00000e-06    0.0689350
       160.00000  1.00000e-06    0.0584994
       166.00000  1.00000e-06    0.0486024
       172.00000  1.00000e-06    0.0404379
       178.00000  1.00000e-06    0.0322734
       184.00000  1.00000e-06    0.0263400
       190.00000  1.00000e-06    0.0208601
       196.00000  1.00000e-06    0.0163997
       202.00000  1.00000e-06    0.0133189
       208.00000  1.00000e-06    0.0102710
       214.00000  1.00000e-06   0.00893348
       220.00000  1.00000e-06   0.00759594
       226.00000  1.00000e-06   0.00693303
       232.00000  1.00000e-06   0.00669634
       238.00000  1.00000e-06   0.00660224
       244.00000  1.00000e-06   0.00705539
       250.00000  1.00000e-06   0.00750855
       256.00000  1.00000e-06   0.00831978
       262.00000  1.00000e-06   0.00922019
       268.00000  1.00000e-06    0.0102915
       274.00000  1.00000e-06    0.0116250
       280.00000  1.00000e-06    0.0129585
       286.00000  1.00000e-06    0.0148038
       292.00000  1.00000e-06    0.0166552
       298.00000  1.00000e-06    0.0186897
       304.00000  1.00000e-06    0.0208555
       310.00000  1.00000e-06    0.0230411
       316.00000  1.00000e-06    0.0253190
       322.00000  1.00000e-06    0.0275970
       328.00000  1.00000e-06    0.0298078
       334.00000  1.00000e-06    0.0319986
       340.00000  1.00000e-06    0.0340702
       346.00000  1.00000e-06    0.0359339
       352.00000  1.00000e-06    0.0377976
       358.00000  1.00000e-06    0.0390482
       364.00000  1.00000e-06    0.0402719
       370.00000  1.00000e-06    0.0411664
       376.00000  1.00000e-06    0.0417936
       382.00000  1.00000e-06    0.0423543
       388.00000  1.00000e-06    0.0425253
       394.00000  1.00000e-06    0.0426963
       400.00000  1.00000e-06    0.0425123
       406.00000  1.00000e-06    0.0422034
       412.00000  1.00000e-06    0.0417989
       418.00000  1.00000e-06    0.0412038
       424.00000  1.00000e-06    0.0406087
       430.00000  1.00000e-06    0.0399730
       436.00000  1.00000e-06    0.0393341
       442.00000  1.00000e-06    0.0387442
       448.00000  1.00000e-06    0.0381994
       454.00000  1.00000e-06    0.0376789
       460.00000  1.00000e-06    0.0373462
       466.00000  1.00000e-06    0.0370134
       472.00000  1.00000e-06    0.0369120
       478.00000  1.00000e-06    0.0369055
       484.00000  1.00000e-06    0.0369695
       490.00000  1.00000e-06    0.0371956
       496.00000  1.00000e-06    0.0374217
       502.00000  1.00000e-06    0.0379197
       508.00000  1.00000e-06    0.0384490
       514.00000  1.00000e-06    0.0391409
       520.00000  1.00000e-06    0.0400015
       526.00000  1.00000e-06    0.0408798
       532.00000  1.00000e-06    0.0419496
       538.00000  1.00000e-06    0.0430194
       544.00000  1.00000e-06    0.0441464
       550.00000  1.00000e-06    0.0453004
       556.00000  1.00000e-06    0.0464977
       562.00000  1.00000e-06    0.0478105
       568.00000  1.00000e-06    0.0491232
       574.00000  1.00000e-06    0.0506800
       580.00000  1.00000e-06    0.0522744
       586.00000  1.00000e-06    0.0539765
       592.00000  1.00000e-06    0.0558049
       598.00000  1.00000e-06    0.0576397
       604.00000  1.00000e-06    0.0595881
       610.00000  1.00000e-06    0.0615364
       616.00000  1.00000e-06    0.0634415
       622.00000  1.00000e-06    0.0653230
       628.00000  1.00000e-06    0.0671151
       634.00000  1.00000e-06    0.0686269
       640.00000  1.00000e-06    0.0701386
       646.00000  1.00000e-06    0.0714408
       652.00000  1.00000e-06    0.0727018
       658.00000  1.00000e-06    0.0738827
       664.00000  1.00000e-06    0.0749574
       670.00000  1.00000e-06    0.0760255
       676.00000  1.00000e-06    0.0768243
       682.00000  1.00000e-06    0.0776231
       688.00000  1.00000e-06    0.0782557
       694.00000  1.00000e-06    0.0787855
       700.00000  1.00000e-06    0.0793228
       706.00000  1.00000e-06    0.0798877
       712.00000  1.00000e-06    0.0804527
       718.00000  1.00000e-06    0.0812378
       724.00000  1.00000e-06    0.0820761
       730.00000  1.00000e-06    0.0831656
       736.00000  1.00000e-06    0.0846327
       742.00000  1.00000e-06    0.0860998
       748.00000  1.00000e-06    0.0881861
       754.00000  1.00000e-06    0.0902765
       760.00000  1.00000e-06    0.0926130
       766.00000  1.00000e-06    0.0951225
       772.00000  1.00000e-06    0.0976557
       778.00000  1.00000e-06     0.100295
       784.00000  1.00000e-06     0.102935
       790.00000  1.00000e-06     0.105353
       796.00000  1.00000e-06     0.107705
       802.00000  1.00000e-06     0.109917
       808.00000  1.00000e-06     0.111885
       814.00000  1.00000e-06     0.113854
       820.00000  1.00000e-06     0.115602
       826.00000  1.00000e-06     0.117342
       832.00000  1.00000e-06     0.119066
       838.00000  1.00000e-06     0.120779
       844.00000  1.00000e-06     0.122487
       850.00000  1.00000e-06     0.124162
       856.00000  1.00000e-06     0.125837
       862.00000  1.00000e-06     0.127509
       868.00000  1.00000e-06     0.129180
       874.00000  1.00000e-06     0.130837
       880.00000  1.00000e-06     0.132466
       886.00000  1.00000e-06     0.134095
       892.00000  1.00000e-06     0.135785
       898.00000  1.00000e-06     0.137478
       904.00000  1.00000e-06     0.139457
       910.00000  1.00000e-06     0.141691
       916.00000  1.00000e-06     0.143986
       922.00000  1.00000e-06     0.146723
       928.00000  1.00000e-06     0.149460
       934.00000  1.00000e-06     0.152462
       940.00000  1.00000e-06     0.155570
       946.00000  1.00000e-06     0.158562
       952.00000  1.00000e-06     0.161293
       958.00000  1.00000e-06     0.164024
       964.00000  1.00000e-06     0.165797
       970.00000  1.00000e-06     0.167467
       976.00000  1.00000e-06     0.168746
       982.00000  1.00000e-06     0.169628
       988.00000  1.00000e-06     0.170451
       994.00000  1.00000e-06     0.170670
       1000.0000  1.00000e-06     0.170889
       1006.0000  1.00000e-06     0.170876
       1012.0000  1.00000e-06     0.170757
       1018.0000  1.00000e-06     0.170625
       1024.0000  1.00000e-06     0.170458
       1030.0000  1.00000e-06     0.170292
       1036.0000  1.00000e-06     0.170104
       1042.0000  1.00000e-06     0.169914
       1048.0000  1.00000e-06     0.169781
       1054.0000  1.00000e-06     0.169715
       1060.0000  1.00000e-06     0.169682
       1066.0000  1.00000e-06     0.170166
       1072.0000  1.00000e-06     0.170651
       1078.0000  1.00000e-06     0.171510
       1084.0000  1.00000e-06     0.172567
       1090.0000  1.00000e-06     0.173650
       1096.0000  1.00000e-06     0.174811
       1102.0000  1.00000e-06     0.175972
       1108.0000  1.00000e-06     0.177404
       1114.0000  1.00000e-06     0.178887
       1120.0000  1.00000e-06     0.180481
       1126.0000  1.00000e-06     0.182219
       1132.0000  1.00000e-06     0.183958
       1138.0000  1.00000e-06     0.185742
       1144.0000  1.00000e-06     0.187527
       1150.0000  1.00000e-06     0.189593
       1156.0000  1.00000e-06     0.191831
       1162.0000  1.00000e-06     0.194200
       1168.0000  1.00000e-06     0.197045
       1174.0000  1.00000e-06     0.199890
       1180.0000  1.00000e-06     0.202786
       1186.0000  1.00000e-06     0.205695
       1192.0000  1.00000e-06     0.208628
       1198.0000  1.00000e-06     0.211595
       1204.0000  1.00000e-06     0.214562
       1210.0000  1.00000e-06     0.217537
       1216.0000  1.00000e-06     0.220513
       1222.0000  1.00000e-06     0.223352
       1228.0000  1.00000e-06     0.226097
       1234.0000  1.00000e-06     0.228719
       1240.0000  1.00000e-06     0.230803
       1246.0000  1.00000e-06     0.232888
       1252.0000  1.00000e-06     0.234793
       1258.0000  1.00000e-06     0.236647
       1264.0000  1.00000e-06     0.238208
       1270.0000  1.00000e-06     0.239280
       1276.0000  1.00000e-06     0.240352
       1282.0000  1.00000e-06     0.240176
       1288.0000  1.00000e-06     0.239958
       1294.0000  1.00000e-06     0.239208
       1300.0000  1.00000e-06     0.238042
       1306.0000  1.00000e-06     0.236844
       1312.0000  1.00000e-06     0.235474
       1318.0000  1.00000e-06     0.234103
       1324.0000  1.00000e-06     0.232956
       1330.0000  1.00000e-06     0.231885
       1336.0000  1.00000e-06     0.230973
       1342.0000  1.00000e-06     0.230367
       1348.0000  1.00000e-06     0.229761
       1354.0000  1.00000e-06     0.229698
       1360.0000  1.00000e-06     0.229671
       1366.0000  1.00000e-06     0.229970
       1372.0000  1.00000e-06     0.230556
       1378.0000  1.00000e-06     0.231217
       1384.0000  1.00000e-06     0.232414
       1390.0000  1.00000e-06     0.233610
       1396.0000  1.00000e-06     0.235399
       1402.0000  1.00000e-06     0.237420
       1408.0000  1.00000e-06     0.239541
       1414.0000  1.00000e-06     0.241879
       1420.0000  1.00000e-06     0.244218
       1426.0000  1.00000e-06     0.246391
       1432.0000  1.00000e-06     0.248547
       1438.0000  1.00000e-06     0.250641
       1444.0000  1.00000e-06     0.252673
       1450.0000  1.00000e-06     0.254694
       1456.0000  1.00000e-06     0.256606
       1462.0000  1.00000e-06     0.258518
       1468.0000  1.00000e-06     0.260264
       1474.0000  1.00000e-06     0.261936
       1480.0000  1.00000e-06     0.263430
       1486.0000  1.00000e-06     0.264473
       1492.0000  1.00000e-06     0.265515
       1498.0000  1.00000e-06     0.265649
       1504.0000  1.00000e-06     0.265655
       1510.0000  1.00000e-06     0.265067
       1516.0000  1.00000e-06     0.263809
       1522.0000  1.00000e-06     0.262474
       1528.0000  1.00000e-06     0.260030
       1534.0000  1.00000e-06     0.257587
       1540.0000  1.00000e-06     0.254458
       1546.0000  1.00000e-06     0.250974
       1552.0000  1.00000e-06     0.247270
       1558.0000  1.00000e-06     0.242914
       1564.0000  1.00000e-06     0.238558
       1570.0000  1.00000e-06     0.232972
       1576.0000  1.00000e-06     0.227162
       1582.0000  1.00000e-06     0.220679
       1588.0000  1.00000e-06     0.213338
       1594.0000  1.00000e-06     0.205958
       1600.0000  1.00000e-06     0.197449
       1606.0000  1.00000e-06     0.188941
       1612.0000  1.00000e-06     0.179802
       1618.0000  1.00000e-06     0.170290
       1624.0000  1.00000e-06     0.160665
       1630.0000  1.00000e-06     0.150649
       1636.0000  1.00000e-06     0.140633
       1642.0000  1.00000e-06     0.130594
       1648.0000  1.00000e-06     0.120551
       1654.0000  1.00000e-06     0.110750
       1660.0000  1.00000e-06     0.101298
       1666.0000  1.00000e-06    0.0918507
       1672.0000  1.00000e-06    0.0835685
       1678.0000  1.00000e-06    0.0752864
       1684.0000  1.00000e-06    0.0677418
       1690.0000  1.00000e-06    0.0606948
       1696.0000  1.00000e-06    0.0538868
       1702.0000  1.00000e-06    0.0480906
       1708.0000  1.00000e-06    0.0422943
       1714.0000  1.00000e-06    0.0374497
       1720.0000  1.00000e-06    0.0328658
       1726.0000  1.00000e-06    0.0287415
       1732.0000  1.00000e-06    0.0253711
       1738.0000  1.00000e-06    0.0220006
       1744.0000  1.00000e-06    0.0197107
       1750.0000  1.00000e-06    0.0174511
       1756.0000  1.00000e-06    0.0156917
       1762.0000  1.00000e-06    0.0143147
       1768.0000  1.00000e-06    0.0130558
       1774.0000  1.00000e-06    0.0124136
       1780.0000  1.00000e-06    0.0117714
       1786.0000  1.00000e-06    0.0116293
       1792.0000  1.00000e-06    0.0116498
       1798.0000  1.00000e-06    0.0119181
       1804.0000  1.00000e-06    0.0126498
       1810.0000  1.00000e-06    0.0133815
       1816.0000  1.00000e-06    0.0149652
       1822.0000  1.00000e-06    0.0166012
       1828.0000  1.00000e-06    0.0188556
       1834.0000  1.00000e-06    0.0216450
       1840.0000  1.00000e-06    0.0245988
       1846.0000  1.00000e-06    0.0286514
       1852.0000  1.00000e-06    0.0327041
       1858.0000  1.00000e-06    0.0378487
       1864.0000  1.00000e-06    0.0434096
       1870.0000  1.00000e-06    0.0494760
       1876.0000  1.00000e-06    0.0566271
       1882.0000  1.00000e-06    0.0637782
       1888.0000  1.00000e-06    0.0721671
       1894.0000  1.00000e-06    0.0806757
       1900.0000  1.00000e-06    0.0897334
       1906.0000  1.00000e-06    0.0993280
       1912.0000  1.00000e-06     0.109049
       1918.0000  1.00000e-06     0.119910
       1924.0000  1.00000e-06     0.130772
       1930.0000  1.00000e-06     0.142429
       1936.0000  1.00000e-06     0.154438
       1942.0000  1.00000e-06     0.166628
       1948.0000  1.00000e-06     0.179267
       1954.0000  1.00000e-06     0.191906
       1960.0000  1.00000e-06     0.204851
       1966.0000  1.00000e-06     0.217837
       1972.0000  1.00000e-06     0.230847
       1978.0000  1.00000e-06     0.243883
       1984.0000  1.00000e-06     0.256896
       1990.0000  1.00000e-06     0.269589
       1996.0000  1.00000e-06     0.282281
       2002.0000  1.00000e-06     0.294566
       2008.0000  1.00000e-06     0.306642
       2014.0000  1.00000e-06     0.318482
       2020.0000  1.00000e-06     0.329635
       2026.0000  1.00000e-06     0.340789
       2032.0000  1.00000e-06     0.350938
       2038.0000  1.00000e-06     0.360911
       2044.0000  1.00000e-06     0.370321
       2050.0000  1.00000e-06     0.379026
       2056.0000  1.00000e-06     0.387680
       2062.0000  1.00000e-06     0.395051
       2068.0000  1.00000e-06     0.402422
       2074.0000  1.00000e-06     0.408908
       2080.0000  1.00000e-06     0.414880
       2086.0000  1.00000e-06     0.420559
       2092.0000  1.00000e-06     0.425238
       2098.0000  1.00000e-06     0.429916
       2104.0000  1.00000e-06     0.433396
       2110.0000  1.00000e-06     0.436614
       2116.0000  1.00000e-06     0.439254
       2122.0000  1.00000e-06     0.441079
       2128.0000  1.00000e-06     0.442899
       2134.0000  1.00000e-06     0.444041
       2140.0000  1.00000e-06     0.445183
       2146.0000  1.00000e-06     0.445959
       2152.0000  1.00000e-06     0.446494
       2158.0000  1.00000e-06     0.446785
       2164.0000  1.00000e-06     0.446075
       2170.0000  1.00000e-06     0.445366
       2176.0000  1.00000e-06     0.443484
       2182.0000  1.00000e-06     0.441290
       2188.0000  1.00000e-06     0.438601
       2194.0000  1.00000e-06     0.435119
       2200.0000  1.00000e-06     0.431637
       2206.0000  1.00000e-06     0.427199
       2212.0000  1.00000e-06     0.422739
       2218.0000  1.00000e-06     0.417844
       2224.0000  1.00000e-06     0.412621
       2230.0000  1.00000e-06     0.407274
       2236.0000  1.00000e-06     0.401297
       2242.0000  1.00000e-06     0.395321
       2248.0000  1.00000e-06     0.389259
       2254.0000  1.00000e-06     0.383170
       2260.0000  1.00000e-06     0.376986
       2266.0000  1.00000e-06     0.370630
       2272.0000  1.00000e-06     0.364273
       2278.0000  1.00000e-06     0.357107
       2284.0000  1.00000e-06     0.349895
       2290.0000  1.00000e-06     0.342573
       2296.0000  1.00000e-06     0.335159
       2302.0000  1.00000e-06     0.327762
       2308.0000  1.00000e-06     0.320476
       2314.0000  1.00000e-06     0.313191
       2320.0000  1.00000e-06     0.305735
       2326.0000  1.00000e-06     0.298215
       2332.0000  1.00000e-06     0.290441
       2338.0000  1.00000e-06     0.282134
       2344.0000  1.00000e-06     0.273827
       2350.0000  1.00000e-06     0.264377
       2356.0000  1.00000e-06     0.254822
       2362.0000  1.00000e-06     0.244685
       2368.0000  1.00000e-06     0.233991
       2374.0000  1.00000e-06     0.223202
       2380.0000  1.00000e-06     0.211603
       2386.0000  1.00000e-06     0.200004
       2392.0000  1.00000e-06     0.188190
       2398.0000  1.00000e-06     0.176283
       2404.0000  1.00000e-06     0.164347
       2410.0000  1.00000e-06     0.152340
       2416.0000  1.00000e-06     0.140334
       2422.0000  1.00000e-06     0.128429
       2428.0000  1.00000e-06     0.116537
       2434.0000  1.00000e-06     0.105052
       2440.0000  1.00000e-06    0.0940071
       2446.0000  1.00000e-06    0.0830640
       2452.0000  1.00000e-06    0.0733970
       2458.0000  1.00000e-06    0.0637301
       2464.0000  1.00000e-06    0.0551538
       2470.0000  1.00000e-06    0.0471194
       2476.0000  1.00000e-06    0.0396084
       2482.0000  1.00000e-06    0.0335726
       2488.0000  1.00000e-06    0.0275367
       2494.0000    0.0900497    0.0231498
       2500.0000      1.08198    0.0190406
       2506.0000      2.22508    0.0156120
       2512.0000      3.11052    0.0130162
       2518.0000      3.78625    0.0104673
       2524.0000      4.14799   0.00894713
       2530.0000      4.08913   0.00742695
       2536.0000      3.61693   0.00637331
       2542.0000      2.82782   0.00558491
       2548.0000      1.93567   0.00490039
       2554.0000      1.32600   0.00456080
       2560.0000      1.05965   0.00422121
       2566.0000      1.03632   0.00404310
       2572.0000      1.05756   0.00389916
       2578.0000     0.914351   0.00378021
       2584.0000     0.369305   0.00369585
       2590.0000  1.00000e-06   0.00361226
       2596.0000  1.00000e-06   0.00358680
       2602.0000  1.00000e-06   0.00356134
       2608.0000  1.00000e-06   0.00356906
       2614.0000  1.00000e-06   0.00359826
       2620.0000     0.454959   0.00362042
       2626.0000     0.764894   0.00361456
       2632.0000     0.904167   0.00360870
       2638.0000     0.915927   0.00358216
       2644.0000     0.839915   0.00355028
       2650.0000     0.652584   0.00351363
       2656.0000     0.207177   0.00346948
       2662.0000  1.00000e-06   0.00342534
       2668.0000  1.00000e-06   0.00340124
       2674.0000  1.00000e-06   0.00337751
       2680.0000  1.00000e-06   0.00335822
       2686.0000  1.00000e-06   0.00334219
       2692.0000  1.00000e-06   0.00331976
       2698.0000  1.00000e-06   0.00326614
       2704.0000  1.00000e-06   0.00321253
       2710.0000  1.00000e-06   0.00314769
       2716.0000  1.00000e-06   0.00307939
       2722.0000     0.613547   0.00303433
       2728.0000      1.53084   0.00303088
       2734.0000      2.47653   0.00302743
       2740.0000      3.18062   0.00302824
       2746.0000      3.44516   0.00302926
       2752.0000      3.54285   0.00300997
       2758.0000      3.80610   0.00297381
       2764.0000      4.46167   0.00293219
       2770.0000      5.08635   0.00285701
       2776.0000      5.45732   0.00278184
       2782.0000      5.91751   0.00270924
       2788.0000      6.83617   0.00263757
       2794.0000      8.32293   0.00257155
       2800.0000      10.5746   0.00251709
       2806.0000      13.8115   0.00246262
       2812.0000      17.9844   0.00239779
       2818.0000      23.0925   0.00233208
       2824.0000      29.3618   0.00226853
       2830.0000      36.6132   0.00220702
       2836.0000      44.5626   0.00214541
       2842.0000      52.8162   0.00208301
       2848.0000      60.6674   0.00202062
       2854.0000      67.7458   0.00195710
       2860.0000      74.1096   0.00189312
       2866.0000      79.9133   0.00183327
       2872.0000      85.0580   0.00178320
       2878.0000      89.5748   0.00173313
       2884.0000      92.8771   0.00168839
       2890.0000      93.8769   0.00164429
       2896.0000      92.4684   0.00158880
       2902.0000      89.5378   0.00152121
       2908.0000      86.1616   0.00145300
       2914.0000      82.8273   0.00137755
       2920.0000      80.1538   0.00130209
       2926.0000      77.5709   0.00123517
       2932.0000      73.8932   0.00117240
       2938.0000      68.9127   0.00111589
       2944.0000      63.2867   0.00107662
       2950.0000      57.5393   0.00103735
       2956.0000      52.5718   0.00101319
       2962.0000      48.8635  0.000991475
       2968.0000      45.9769  0.000968163
       2974.0000      42.6447  0.000942934
       2980.0000      38.6151  0.000917948
       2986.0000      33.2376  0.000897729
       2992.0000      27.0234  0.000877509
       2998.0000      21.6581  0.000852529
       3004.0000      18.0605  0.000824901
       3010.0000      15.5150  0.000797550
       3016.0000      13.4746  0.000771092
       3022.0000      11.2992  0.000744634
       3028.0000      8.03248  0.000728151
       3034.0000      3.40855  0.000713707
       3040.0000  1.00000e-06  0.000694941
       3046.0000  1.00000e-06  0.000670310
       3052.0000  1.00000e-06  0.000645606
       3058.0000  1.00000e-06  0.000616963
       3064.0000  1.00000e-06  0.000588320
       3070.0000  1.00000e-06  0.000561521
       3076.0000  1.00000e-06  0.000535891
       3082.0000  1.00000e-06  0.000511439
       3088.0000  1.00000e-06  0.000491533
       3094.0000  1.00000e-06  0.000471628
       3100.0000  1.00000e-06  0.000450322
       3106.0000  1.00000e-06  0.000428666
       3112.0000  1.00000e-06  0.000407305
       3118.0000  1.00000e-06  0.000386397
       3124.0000  1.00000e-06  0.000365488
       3130.0000  1.00000e-06  0.000354025
       3136.0000  1.00000e-06  0.000342680
       3142.0000     0.492121  0.000333666
       3148.0000      2.14372  0.000326331
       3154.0000     0.932504  0.000317992
       3160.0000  1.00000e-06  0.000304936
       3166.0000  1.00000e-06  0.000291880
       3172.0000  1.00000e-06  0.000278036
       3178.0000  1.00000e-06  0.000263957
       3184.0000  1.00000e-06  0.000251878
       3190.0000  1.00000e-06  0.000243307
       3196.0000  1.00000e-06  0.000234735
       3202.0000  1.00000e-06  0.000233426
       3208.0000  1.00000e-06  0.000232442
       3214.0000  1.00000e-06  0.000235204
       3220.0000  1.00000e-06  0.000241019
       3226.0000  1.00000e-06  0.000247658
       3232.0000  1.00000e-06  0.000259161
       3238.0000      1.82733  0.000270663
       3244.0000      3.91046  0.000277201
       3250.0000      3.89082  0.000281985
       3256.0000      2.70178  0.000282187
       3262.0000      1.51388  0.000273200
       3268.0000     0.392587  0.000264214
       3274.0000  1.00000e-06  0.000247095
       3280.0000    0.0820024  0.000229333
       3286.0000      1.00165  0.000217111
       3292.0000      2.69208  0.000209991
       3298.0000      4.59577  0.000203935
       3304.0000      5.35820  0.000206117
       3310.0000      4.15918  0.000208299
       3316.0000      2.07241  0.000208912
       3322.0000     0.554713  0.000208879
       3328.0000  1.00000e-06  0.000208348
       3334.0000  1.00000e-06  0.000206666
       3340.0000  1.00000e-06  0.000204984
       3346.0000  1.00000e-06  0.000203587
       3352.0000  1.00000e-06  0.000202224
       3358.0000  1.00000e-06  0.000204003
       3364.0000  1.00000e-06  0.000209054
       3370.0000  1.00000e-06  0.000214310
       3376.0000  1.00000e-06  0.000221817
       3382.0000  1.00000e-06  0.000229324
       3388.0000  1.00000e-06  0.000235335
       3394.0000    0.0885122  0.000240636
       3400.0000      1.98720  0.000243646
       3406.0000      3.83411  0.000240519
       3412.0000      4.47903  0.000237392
       3418.0000  1.00000e-06  0.000224591
       3424.0000  1.00000e-06  0.000210290
       3430.0000  1.00000e-06  0.000200538
       3436.0000  1.00000e-06  0.000196135
       3442.0000  1.00000e-06  0.000192511
       3448.0000  1.00000e-06  0.000202644
       3454.0000  1.00000e-06  0.000212778
       3460.0000  1.00000e-06  0.000220659
       3466.0000  1.00000e-06  0.000227313
       3472.0000  1.00000e-06  0.000232845
       3478.0000  1.00000e-06  0.000234850
       3484.0000  1.00000e-06  0.000236855
       3490.0000  1.00000e-06  0.000236182
       3496.0000  1.00000e-06  0.000234980
       3502.0000  1.00000e-06  0.000231463
       3508.0000  1.00000e-06  0.000224866
       3514.0000  1.00000e-06  0.000218176
       3520.0000  1.00000e-06  0.000207555
       3526.0000  1.00000e-06  0.000196934
       3532.0000  1.00000e-06  0.000194122
       3538.0000  1.00000e-06  0.000196160
       3544.0000  1.00000e-06  0.000197250
       3550.0000  1.00000e-06  0.000194792
       3556.0000  1.00000e-06  0.000192335
       3562.0000  1.00000e-06  0.000187601
       3568.0000  1.00000e-06  0.000182315
       3574.0000  1.00000e-06  0.000178464
       3580.0000  1.00000e-06  0.000176778
       3586.0000  1.00000e-06  0.000175091
       3592.0000  1.00000e-06  0.000171967
       3598.0000  1.00000e-06  0.000168832
       3604.0000  1.00000e-06  0.000163680
       3610.0000  1.00000e-06  0.000157105
       3616.0000  1.00000e-06  0.000150915
       3622.0000  1.00000e-06  0.000146480
       3628.0000  1.00000e-06  0.000142044
       3634.0000  1.00000e-06  0.000137400
       3640.0000  1.00000e-06  0.000132694
       3646.0000  1.00000e-06  0.000126807
       3652.0000  1.00000e-06  0.000118892
       3658.0000  1.00000e-06  0.000110977
       3664.0000  1.00000e-06  0.000101539
       3670.0000  1.00000e-06  9.20422e-05
       3676.0000  1.00000e-06  8.38900e-05
       3682.0000  1.00000e-06  7.68121e-05
       3688.0000  1.00000e-06  7.03282e-05
       3694.0000  1.00000e-06  6.72134e-05
       3700.0000  1.00000e-06  6.40986e-05
       3706.0000  1.00000e-06  5.67618e-05
       3712.0000  1.00000e-06  4.79710e-05
       3718.0000  1.00000e-06  3.94746e-05
       3724.0000  1.00000e-06  3.15557e-05
       3730.0000  1.00000e-06  2.36368e-05
       3736.0000  1.00000e-06  2.30904e-05
       3742.0000  1.00000e-06  2.30850e-05
       3748.0000  1.00000e-06  2.00097e-05
       3754.0000  1.00000e-06  1.41621e-05
       3760.0000  1.00000e-06  8.62414e-06
       3766.0000  1.00000e-06  5.37025e-06
       3772.0000  1.00000e-06  2.11636e-06
       3778.0000  1.00000e-06  1.12907e-06
       3784.0000  1.00000e-06  1.05283e-06
       3790.0000  1.00000e-06  1.00000e-06
       3796.0000  1.00000e-06  1.00000e-06
       3802.0000  1.00000e-06  1.00000e-06
       3808.0000  1.00000e-06  1.00000e-06
       3814.0000  1.00000e-06  1.00000e-06
       3820.0000  1.00000e-06  1.00000e-06
       3826.0000  1.00000e-06  1.00000e-06
       3832.0000  1.00000e-06  1.00000e-06
       3838.0000  1.00000e-06  1.00000e-06
       3844.0000  1.00000e-06  1.00000e-06
       3850.0000  1.00000e-06  1.00000e-06
       3856.0000  1.00000e-06  1.00000e-06
       3862.0000  1.00000e-06  1.00000e-06
       3868.0000  1.00000e-06  1.00000e-06
       3874.0000  1.00000e-06  1.00000e-06
       3880.0000  1.00000e-06  1.00000e-06
       3886.0000  1.00000e-06  1.00000e-06
       3892.0000  1.00000e-06  1.00000e-06
       3898.0000  1.00000e-06  1.00000e-06
       3904.0000  1.00000e-06  1.00000e-06
       3910.0000  1.00000e-06  1.00000e-06
       3916.0000  1.00000e-06  1.00000e-06
       3922.0000  1.00000e-06  1.00000e-06
       3928.0000  1.00000e-06  1.00000e-06
       3934.0000  1.00000e-06  1.00000e-06
       3940.0000  1.00000e-06  1.00000e-06
       3946.0000  1.00000e-06  1.00000e-06
       3952.0000  1.00000e-06  1.00000e-06
       3958.0000  1.00000e-06  1.00000e-06
       3964.0000  1.00000e-06  1.00000e-06
       3970.0000  1.00000e-06  1.00000e-06
       3976.0000  1.00000e-06  1.00000e-06
       3982.0000  1.00000e-06  1.00000e-06
       3988.0000  1.00000e-06  1.00000e-06
       3994.0000  1.00000e-06  1.00000e-06
       4000.0000  1.00000e-06  1.00000e-06
       4006.0000  1.00000e-06  1.00000e-06
       4012.0000  1.00000e-06  1.00000e-06
       4018.0000  1.00000e-06  1.00000e-06
       4024.0000  1.00000e-06  1.00000e-06
       4030.0000  1.00000e-06  1.00000e-06
       4036.0000  1.00000e-06  1.00000e-06
       4042.0000  1.00000e-06  1.00000e-06
       4048.0000  1.00000e-06  1.00000e-06
       4054.0000  1.00000e-06  1.00000e-06
       4060.0000  1.00000e-06  1.00000e-06
       4066.0000  1.00000e-06  1.00000e-06
       4072.0000  1.00000e-06  1.00000e-06
       4078.0000  1.00000e-06  1.00000e-06
       4084.0000  1.00000e-06  1.00000e-06
       4090.0000  1.00000e-06  1.00000e-06
       4096.0000  1.00000e-06  1.00000e-06
       4102.0000  1.00000e-06  1.00000e-06
       4108.0000  1.00000e-06  1.00000e-06
       4114.0000  1.00000e-06  1.00000e-06
       4120.0000  1.00000e-06  1.00000e-06
       4126.0000  1.00000e-06  1.00000e-06
       4132.0000  1.00000e-06  1.00000e-06
       4138.0000  1.00000e-06  1.00000e-06
       4144.0000  1.00000e-06  1.00000e-06
       4150.0000  1.00000e-06  1.00000e-06
       4156.0000  1.00000e-06  1.00000e-06
       4162.0000  1.00000e-06  1.00000e-06
       4168.0000  1.00000e-06  1.00000e-06
       4174.0000  1.00000e-06  1.00000e-06
       4180.0000  1.00000e-06  1.00000e-06
       4186.0000  1.00000e-06  1.00000e-06
       4192.0000  1.00000e-06  1.00000e-06
       4198.0000  1.00000e-06  1.00000e-06
       4204.0000  1.00000e-06  1.00000e-06
       4210.0000  1.00000e-06  1.00000e-06
       4216.0000  1.00000e-06  1.00000e-06
       4222.0000  1.00000e-06  1.00000e-06
       4228.0000  1.00000e-06  1.00000e-06
       4234.0000  1.00000e-06  1.00000e-06
       4240.0000  1.00000e-06  1.00000e-06
       4246.0000  1.00000e-06  1.00000e-06
       4252.0000  1.00000e-06  1.00000e-06
       4258.0000  1.00000e-06  1.00000e-06
       4264.0000  1.00000e-06  1.00000e-06
       4270.0000  1.00000e-06  1.00000e-06
       4276.0000  1.00000e-06  1.00000e-06
       4282.0000  1.00000e-06  1.00000e-06
       4288.0000  1.00000e-06  1.00000e-06
       4294.0000  1.00000e-06  1.00000e-06
       4300.0000  1.00000e-06  1.00000e-06
       4306.0000  1.00000e-06  1.00000e-06
       4312.0000  1.00000e-06  1.00000e-06
       4318.0000  1.00000e-06  1.00000e-06
       4324.0000  1.00000e-06  1.00000e-06
       4330.0000  1.00000e-06  1.00000e-06
       4336.0000  1.00000e-06  1.00000e-06
       4342.0000  1.00000e-06  1.00000e-06
       4348.0000  1.00000e-06  1.00000e-06
       4354.0000  1.00000e-06  1.00000e-06
       4360.0000  1.00000e-06  1.00000e-06
       4366.0000  1.00000e-06  1.00000e-06
       4372.0000  1.00000e-06  1.00000e-06
       4378.0000  1.00000e-06  1.00000e-06
       4384.0000  1.00000e-06  1.00000e-06
       4390.0000  1.00000e-06  1.00000e-06
       4396.0000  1.00000e-06  1.00000e-06
       4402.0000  1.00000e-06  1.00000e-06
       4408.0000  1.00000e-06  1.00000e-06
       4414.0000  1.00000e-06  1.00000e-06
       4420.0000  1.00000e-06  1.00000e-06
       4426.0000  1.00000e-06  1.00000e-06
       4432.0000  1.00000e-06  1.00000e-06
       4438.0000  1.00000e-06  1.00000e-06
       4444.0000  1.00000e-06  1.00000e-06
       4450.0000  1.00000e-06  1.00000e-06
       4456.0000  1.00000e-06  1.00000e-06
       4462.0000  1.00000e-06  1.00000e-06
       4468.0000  1.00000e-06  1.00000e-06
       4474.0000  1.00000e-06  1.00000e-06
       4480.0000  1.00000e-06  1.00000e-06
       4486.0000  1.00000e-06  1.00000e-06
       4492.0000  1.00000e-06  1.00000e-06
       4498.0000  1.00000e-06  1.00000e-06
       4504.0000  1.00000e-06  1.00000e-06
       4510.0000  1.00000e-06  1.00000e-06
       4516.0000  1.00000e-06  1.00000e-06
       4522.0000  1.00000e-06  1.00000e-06
       4528.0000  1.00000e-06  1.00000e-06
       4534.0000  1.00000e-06  1.00000e-06
       4540.0000  1.00000e-06  1.00000e-06
       4546.0000  1.00000e-06  1.00000e-06
       4552.0000  1.00000e-06  1.00000e-06
       4558.0000  1.00000e-06  1.00000e-06
       4564.0000  1.00000e-06  1.00000e-06
       4570.0000  1.00000e-06  1.00000e-06
       4576.0000  1.00000e-06  1.00000e-06
       4582.0000  1.00000e-06  1.00000e-06
       4588.0000  1.00000e-06  1.00000e-06
       4594.0000  1.00000e-06  1.00000e-06
       4600.0000  1.00000e-06  1.00000e-06
       4606.0000  1.00000e-06  1.00000e-06
       4612.0000  1.00000e-06  1.00000e-06
       4618.0000  1.00000e-06  1.00000e-06
       4624.0000  1.00000e-06  1.00000e-06
       4630.0000  1.00000e-06  1.00000e-06
       4636.0000  1.00000e-06  1.00000e-06
       4642.0000  1.00000e-06  1.00000e-06
       4648.0000  1.00000e-06  1.00000e-06
       4654.0000  1.00000e-06  1.00000e-06
       4660.0000  1.00000e-06  1.00000e-06
       4666.0000  1.00000e-06  1.00000e-06
       4672.0000  1.00000e-06  1.00000e-06
       4678.0000  1.00000e-06  1.00000e-06
       4684.0000  1.00000e-06  1.00000e-06
       4690.0000  1.00000e-06  1.00000e-06
       4696.0000  1.00000e-06  1.00000e-06
       4702.0000  1.00000e-06  1.00000e-06
       4708.0000  1.00000e-06  1.00000e-06
       4714.0000  1.00000e-06  1.00000e-06
       4720.0000  1.00000e-06  1.00000e-06
       4726.0000  1.00000e-06  1.00000e-06
       4732.0000  1.00000e-06  1.00000e-06
       4738.0000  1.00000e-06  1.00000e-06
       4744.0000  1.00000e-06  1.00000e-06
       4750.0000  1.00000e-06  1.00000e-06
       4756.0000  1.00000e-06  1.00000e-06
       4762.0000  1.00000e-06  1.00000e-06
       4768.0000  1.00000e-06  1.00000e-06
       4774.0000  1.00000e-06  1.00000e-06
       4780.0000  1.00000e-06  1.00000e-06
       4786.0000  1.00000e-06  1.00000e-06
       4792.0000  1.00000e-06  1.00000e-06
       4798.0000  1.00000e-06  1.00000e-06
       4804.0000  1.00000e-06  1.00000e-06
       4810.0000  1.00000e-06  1.00000e-06
       4816.0000  1.00000e-06  1.00000e-06
       4822.0000  1.00000e-06  1.00000e-06
       4828.0000  1.00000e-06  1.00000e-06
       4834.0000  1.00000e-06  1.00000e-06
       4840.0000  1.00000e-06  1.00000e-06
       4846.0000  1.00000e-06  1.00000e-06
       4852.0000  1.00000e-06  1.00000e-06
       4858.0000  1.00000e-06  1.00000e-06
       4864.0000  1.00000e-06  1.00000e-06
       4870.0000  1.00000e-06  1.00000e-06
       4876.0000  1.00000e-06  1.00000e-06
       4882.0000  1.00000e-06  1.00000e-06
       4888.0000  1.00000e-06  1.00000e-06
       4894.0000  1.00000e-06  1.00000e-06
       4900.0000  1.00000e-06  1.00000e-06
       4906.0000  1.00000e-06  1.00000e-06
       4912.0000  1.00000e-06  1.00000e-06
       4918.0000  1.00000e-06  1.00000e-06
       4924.0000  1.00000e-06  1.00000e-06
       4930.0000  1.00000e-06  1.00000e-06
       4936.0000  1.00000e-06  1.00000e-06
       4942.0000  1.00000e-06  1.00000e-06
       4948.0000  1.00000e-06  1.00000e-06
       4954.0000  1.00000e-06  1.00000e-06
       4960.0000  1.00000e-06  1.00000e-06
       4966.0000  1.00000e-06  1.00000e-06
       4972.0000  1.00000e-06  1.00000e-06
       4978.0000  1.00000e-06  1.00000e-06
       4984.0000  1.00000e-06  1.00000e-06
       4990.0000  1.00000e-06  1.27782e-06
       4996.0000  1.00000e-06  1.73983e-06
       5002.0000  1.00000e-06  2.81994e-06
       5008.0000  1.00000e-06  6.44791e-06
       5014.0000  1.00000e-06  1.00759e-05
       5020.0000  1.00000e-06  1.08619e-05
       5026.0000  1.00000e-06  1.08885e-05
       5032.0000  1.00000e-06  1.10138e-05
       5038.0000  1.00000e-06  1.12982e-05
       5044.0000  1.00000e-06  1.15825e-05
       5050.0000  1.00000e-06  1.13749e-05
       5056.0000  1.00000e-06  1.11557e-05
       5062.0000  1.00000e-06  1.22764e-05
       5068.0000  1.00000e-06  1.44048e-05
       5074.0000  1.00000e-06  1.67616e-05
       5080.0000  1.00000e-06  2.02768e-05
       5086.0000  1.00000e-06  2.37920e-05
       5092.0000  1.00000e-06  3.32681e-05
       5098.0000  1.00000e-06  4.46407e-05
       5104.0000  1.00000e-06  5.27533e-05
       5110.0000  1.00000e-06  5.48783e-05
       5116.0000  1.00000e-06  5.70034e-05
       5122.0000  1.00000e-06  5.69520e-05
       5128.0000  1.00000e-06  5.67774e-05
       5134.0000  1.00000e-06  6.10503e-05
       5140.0000  1.00000e-06  6.91062e-05
       5146.0000  1.00000e-06  7.63552e-05
       5152.0000  1.00000e-06  7.84011e-05
       5158.0000  1.00000e-06  8.04470e-05
       5164.0000  1.00000e-06  7.98106e-05
       5170.0000  1.00000e-06  7.81730e-05
       5176.0000  1.00000e-06  7.65897e-05
       5182.0000  1.00000e-06  7.51209e-05
       5188.0000  1.00000e-06  7.36520e-05
       5194.0000  1.00000e-06  7.11931e-05
       5200.0000  1.00000e-06  6.86434e-05
       5206.0000  1.00000e-06  6.76621e-05
       5212.0000  1.00000e-06  6.81886e-05
       5218.0000  1.00000e-06  6.86669e-05
       5224.0000  1.00000e-06  6.87283e-05
       5230.0000  1.00000e-06  6.87897e-05
       5236.0000  1.00000e-06  6.73837e-05
       5242.0000  1.00000e-06  6.53420e-05
       5248.0000  1.00000e-06  6.46235e-05
       5254.0000  1.00000e-06  6.71201e-05
       5260.0000  1.00000e-06  6.96167e-05
       5266.0000  1.00000e-06  6.94382e-05
       5272.0000  1.00000e-06  6.89138e-05
       5278.0000  1.00000e-06  6.92570e-05
       5284.0000  1.00000e-06  7.05423e-05
       5290.0000  1.00000e-06  7.20952e-05
       5296.0000  1.00000e-06  7.70291e-05
       5302.0000  1.00000e-06  8.19631e-05
       5308.0000  1.00000e-06  8.77078e-05
       5314.0000  1.00000e-06  9.38569e-05
       5320.0000  1.00000e-06  9.84207e-05
       5326.0000  1.00000e-06  9.84975e-05
       5332.0000  1.00000e-06  9.85742e-05
       5338.0000  1.00000e-06  9.82814e-05
       5344.0000  1.00000e-06  9.79260e-05
       5350.0000  1.00000e-06  9.64817e-05
       5356.0000  1.00000e-06  9.37007e-05
       5362.0000  1.00000e-06  9.07244e-05
       5368.0000  1.00000e-06  8.33820e-05
       5374.0000  1.00000e-06  7.60396e-05
       5380.0000  1.00000e-06  7.24008e-05
       5386.0000  1.00000e-06  7.08750e-05
       5392.0000  1.00000e-06  7.22121e-05
       5398.0000  1.00000e-06  8.30993e-05
       5404.0000  1.00000e-06  9.39864e-05
       5410.0000  1.00000e-06  9.76250e-05
       5416.0000  1.00000e-06  9.97211e-05
       5422.0000  1.00000e-06  9.52244e-05
       5428.0000  1.00000e-06  8.15655e-05
       5434.0000  1.00000e-06  6.80151e-05
       5440.0000  1.00000e-06  6.31251e-05
       5446.0000  1.00000e-06  5.82351e-05
       5452.0000  1.00000e-06  5.70846e-05
       5458.0000  1.00000e-06  5.83624e-05
       5464.0000  1.00000e-06  6.03272e-05
       5470.0000  1.00000e-06  6.50378e-05
       5476.0000  1.00000e-06  6.97484e-05
       5482.0000  1.00000e-06  6.60810e-05
       5488.0000  1.00000e-06  6.02403e-05
       5494.0000  1.00000e-06  5.84236e-05
