      -500.00000  1.00000e-06  8.75628e-05
      -494.00000  1.00000e-06  8.34545e-05
      -488.00000  1.00000e-06  8.35808e-05
      -482.00000  1.00000e-06  8.99821e-05
      -476.00000  1.00000e-06  9.63834e-05
      -470.00000  1.00000e-06  0.000102438
      -464.00000  1.00000e-06  0.000108493
      -458.00000  1.00000e-06  0.000110682
      -452.00000  1.00000e-06  0.000110238
      -446.00000  1.00000e-06  0.000109023
      -440.00000  1.00000e-06  0.000104535
      -434.00000  1.00000e-06  0.000100047
      -428.00000  1.00000e-06  9.45766e-05
      -422.00000  1.00000e-06  8.88401e-05
      -416.00000  1.00000e-06  8.73177e-05
      -410.00000  1.00000e-06  9.25877e-05
      -404.00000  1.00000e-06  9.78577e-05
      -398.00000  1.00000e-06  0.000104870
      -392.00000  1.00000e-06  0.000111921
      -386.00000  1.00000e-06  0.000119295
      -380.00000  1.00000e-06  0.000126910
      -374.00000  1.00000e-06  0.000133235
      -368.00000  1.00000e-06  0.000133305
      -362.00000  1.00000e-06  0.000133374
      -356.00000  1.00000e-06  0.000126535
      -350.00000  1.00000e-06  0.000117595
      -344.00000  1.00000e-06  0.000111846
      -338.00000  1.00000e-06  0.000111700
      -332.00000  1.00000e-06  0.000111554
      -326.00000  1.00000e-06  0.000117791
      -320.00000  1.00000e-06  0.000124302
      -314.00000  1.00000e-06  0.000128677
      -308.00000  1.00000e-06  0.000131338
      -302.00000  1.00000e-06  0.000132700
      -296.00000  1.00000e-06  0.000126748
      -290.00000  1.00000e-06  0.000120796
      -284.00000  1.00000e-06  0.000122175
      -278.00000  1.00000e-06  0.000126039
      -272.00000  1.00000e-06  0.000128684
      -266.00000  1.00000e-06  0.000128992
      -260.00000  1.00000e-06  0.000129301
      -254.00000  1.00000e-06  0.000126110
      -248.00000  1.00000e-06  0.000122692
      -242.00000  1.00000e-06  0.000121171
      -236.00000  1.00000e-06  0.000121300
      -230.00000  1.00000e-06  0.000121620
      -224.00000  1.00000e-06  0.000123207
      -218.00000  1.00000e-06  0.000124794
      -212.00000  1.00000e-06  0.000126927
      -206.00000  1.00000e-06  0.000129265
      -200.00000  1.00000e-06  0.000131832
      -194.00000  1.00000e-06  0.000134881
      -188.00000  1.00000e-06  0.000137929
      -182.00000  1.00000e-06  0.000140765
      -176.00000  1.00000e-06  0.000143583
      -170.00000  1.00000e-06  0.000141254
      -164.00000  1.00000e-06  0.000134073
      -158.00000  1.00000e-06  0.000128033
      -152.00000  1.00000e-06  0.000131148
      -146.00000  1.00000e-06  0.000134262
      -140.00000  1.00000e-06  0.000138432
      -134.00000  1.00000e-06  0.000143039
      -128.00000  1.00000e-06  0.000150065
      -122.00000  1.00000e-06  0.000162660
      -116.00000  1.00000e-06  0.000175256
      -110.00000  1.00000e-06  0.000184170
      -104.00000  1.00000e-06  0.000192670
      -98.000000  1.00000e-06  0.000203306
      -92.000000  1.00000e-06  0.000216123
      -86.000000  1.00000e-06  0.000230049
      -80.000000  1.00000e-06  0.000255094
      -74.000000  1.00000e-06  0.000280139
      -68.000000  1.00000e-06  0.000318840
      -62.000000  1.00000e-06  0.000363771
      -56.000000  1.00000e-06  0.000434053
      -50.000000  1.00000e-06  0.000568661
      -44.000000  1.00000e-06  0.000703269
      -38.000000  1.00000e-06   0.00106622
      -32.000000  1.00000e-06   0.00146070
      -26.000000  1.00000e-06   0.00218772
      -20.000000  1.00000e-06   0.00328274
      -14.000000  1.00000e-06   0.00448529
      -8.0000000  1.00000e-06   0.00710168
      -2.0000000  1.00000e-06   0.00971807
       4.0000000  1.00000e-06    0.0140721
       10.000000  1.00000e-06    0.0192950
       16.000000  1.00000e-06    0.0254221
       22.000000  1.00000e-06    0.0340877
       28.000000  1.00000e-06    0.0427533
       34.000000  1.00000e-06    0.0542390
       40.000000  1.00000e-06    0.0661890
       46.000000  1.00000e-06    0.0789212
       52.000000  1.00000e-06    0.0925915
       58.000000  1.00000e-06     0.106206
       64.000000  1.00000e-06     0.118768
       70.000000  1.00000e-06     0.131330
       76.000000  1.00000e-06     0.141077
       82.000000  1.00000e-06     0.149287
       88.000000  1.00000e-06     0.155929
       94.000000  1.00000e-06     0.157675
       100.00000  1.00000e-06     0.159421
       106.00000  1.00000e-06     0.155735
       112.00000  1.00000e-06     0.151004
       118.00000  1.00000e-06     0.144072
       124.00000  1.00000e-06     0.134279
       130.00000  1.00000e-06     0.124399
       136.00000  1.00000e-06     0.111754
       142.00000  1.00000e-06    0.0991087
       148.00000  1.00000e-06    0.0865717
       154.00000  1.00000e-06    0.0740991
       160.00000  1.00000e-06    0.0621469
       166.00000  1.00000e-06    0.0520125
       172.00000  1.00000e-06    0.0418780
       178.00000  1.00000e-06    0.0342242
       184.00000  1.00000e-06    0.0271203
       190.00000  1.00000e-06    0.0211883
       196.00000  1.00000e-06    0.0169115
       202.00000  1.00000e-06    0.0126580
       208.00000  1.00000e-06    0.0105831
       214.00000  1.00000e-06   0.00850818
       220.00000  1.00000e-06   0.00728114
       226.00000  1.00000e-06   0.00660404
       232.00000  1.00000e-06   0.00609136
       238.00000  1.00000e-06   0.00622595
       244.00000  1.00000e-06   0.00636055
       250.00000  1.00000e-06   0.00684873
       256.00000  1.00000e-06   0.00742611
       262.00000  1.00000e-06   0.00812673
       268.00000  1.00000e-06   0.00901648
       274.00000  1.00000e-06   0.00990623
       280.00000  1.00000e-06    0.0110976
       286.00000  1.00000e-06    0.0122918
       292.00000  1.00000e-06    0.0137032
       298.00000  1.00000e-06    0.0152678
       304.00000  1.00000e-06    0.0168976
       310.00000  1.00000e-06    0.0188204
       316.00000  1.00000e-06    0.0207431
       322.00000  1.00000e-06    0.0228089
       328.00000  1.00000e-06    0.0249154
       334.00000  1.00000e-06    0.0270006
       340.00000  1.00000e-06    0.0290503
       346.00000  1.00000e-06    0.0311000
       352.00000  1.00000e-06    0.0327628
       358.00000  1.00000e-06    0.0344138
       364.00000  1.00000e-06    0.0357555
       370.00000  1.00000e-06    0.0368605
       376.00000  1.00000e-06    0.0378888
       382.00000  1.00000e-06    0.0385227
       388.00000  1.00000e-06    0.0391565
       394.00000  1.00000e-06    0.0394309
       400.00000  1.00000e-06    0.0395908
       406.00000  1.00000e-06    0.0395513
       412.00000  1.00000e-06    0.0391487
       418.00000  1.00000e-06    0.0387461
       424.00000  1.00000e-06    0.0380675
       430.00000  1.00000e-06    0.0373746
       436.00000  1.00000e-06    0.0366718
       442.00000  1.00000e-06    0.0359608
       448.00000  1.00000e-06    0.0352660
       454.00000  1.00000e-06    0.0346693
       460.00000  1.00000e-06    0.0340725
       466.00000  1.00000e-06    0.0335746
       472.00000  1.00000e-06    0.0331117
       478.00000  1.00000e-06    0.0327153
       484.00000  1.00000e-06    0.0324515
       490.00000  1.00000e-06    0.0321876
       496.00000  1.00000e-06    0.0321526
       502.00000  1.00000e-06    0.0321347
       508.00000  1.00000e-06    0.0323959
       514.00000  1.00000e-06    0.0329080
       520.00000  1.00000e-06    0.0334852
       526.00000  1.00000e-06    0.0345299
       532.00000  1.00000e-06    0.0355746
       538.00000  1.00000e-06    0.0368362
       544.00000  1.00000e-06    0.0381829
       550.00000  1.00000e-06    0.0395308
       556.00000  1.00000e-06    0.0408816
       562.00000  1.00000e-06    0.0422325
       568.00000  1.00000e-06    0.0435541
       574.00000  1.00000e-06    0.0448728
       580.00000  1.00000e-06    0.0460788
       586.00000  1.00000e-06    0.0471749
       592.00000  1.00000e-06    0.0482561
       598.00000  1.00000e-06    0.0492070
       604.00000  1.00000e-06    0.0501578
       610.00000  1.00000e-06    0.0511534
       616.00000  1.00000e-06    0.0521684
       622.00000  1.00000e-06    0.0532385
       628.00000  1.00000e-06    0.0544405
       634.00000  1.00000e-06    0.0556424
       640.00000  1.00000e-06    0.0569865
       646.00000  1.00000e-06    0.0583480
       652.00000  1.00000e-06    0.0597915
       658.00000  1.00000e-06    0.0613216
       664.00000  1.00000e-06    0.0628648
       670.00000  1.00000e-06    0.0645540
       676.00000  1.00000e-06    0.0662432
       682.00000  1.00000e-06    0.0679130
       688.00000  1.00000e-06    0.0695735
       694.00000  1.00000e-06    0.0711822
       700.00000  1.00000e-06    0.0726537
       706.00000  1.00000e-06    0.0741252
       712.00000  1.00000e-06    0.0756014
       718.00000  1.00000e-06    0.0770783
       724.00000  1.00000e-06    0.0786960
       730.00000  1.00000e-06    0.0804749
       736.00000  1.00000e-06    0.0822635
       742.00000  1.00000e-06    0.0841997
       748.00000  1.00000e-06    0.0861359
       754.00000  1.00000e-06    0.0880592
       760.00000  1.00000e-06    0.0899758
       766.00000  1.00000e-06    0.0918745
       772.00000  1.00000e-06    0.0937206
       778.00000  1.00000e-06    0.0955666
       784.00000  1.00000e-06    0.0974037
       790.00000  1.00000e-06    0.0992392
       796.00000  1.00000e-06     0.101136
       802.00000  1.00000e-06     0.103108
       808.00000  1.00000e-06     0.105079
       814.00000  1.00000e-06     0.107034
       820.00000  1.00000e-06     0.108988
       826.00000  1.00000e-06     0.110880
       832.00000  1.00000e-06     0.112736
       838.00000  1.00000e-06     0.114636
       844.00000  1.00000e-06     0.116680
       850.00000  1.00000e-06     0.118725
       856.00000  1.00000e-06     0.121178
       862.00000  1.00000e-06     0.123714
       868.00000  1.00000e-06     0.126422
       874.00000  1.00000e-06     0.129362
       880.00000  1.00000e-06     0.132301
       886.00000  1.00000e-06     0.135202
       892.00000  1.00000e-06     0.138104
       898.00000  1.00000e-06     0.140856
       904.00000  1.00000e-06     0.143517
       910.00000  1.00000e-06     0.146126
       916.00000  1.00000e-06     0.148544
       922.00000  1.00000e-06     0.150963
       928.00000  1.00000e-06     0.153070
       934.00000  1.00000e-06     0.155104
       940.00000  1.00000e-06     0.156831
       946.00000  1.00000e-06     0.158110
       952.00000  1.00000e-06     0.159387
       958.00000  1.00000e-06     0.160036
       964.00000  1.00000e-06     0.160686
       970.00000  1.00000e-06     0.161227
       976.00000  1.00000e-06     0.161696
       982.00000  1.00000e-06     0.162158
       988.00000  1.00000e-06     0.162591
       994.00000  1.00000e-06     0.163024
       1000.0000  1.00000e-06     0.163400
       1006.0000  1.00000e-06     0.163762
       1012.0000  1.00000e-06     0.164074
       1018.0000  1.00000e-06     0.164310
       1024.0000  1.00000e-06     0.164545
       1030.0000  1.00000e-06     0.164525
       1036.0000  1.00000e-06     0.164501
       1042.0000  1.00000e-06     0.164432
       1048.0000  1.00000e-06     0.164330
       1054.0000  1.00000e-06     0.164243
       1060.0000  1.00000e-06     0.164223
       1066.0000  1.00000e-06     0.164203
       1072.0000  1.00000e-06     0.164238
       1078.0000  1.00000e-06     0.164290
       1084.0000  1.00000e-06     0.164547
       1090.0000  1.00000e-06     0.165162
       1096.0000  1.00000e-06     0.165776
       1102.0000  1.00000e-06     0.166747
       1108.0000  1.00000e-06     0.167732
       1114.0000  1.00000e-06     0.168915
       1120.0000  1.00000e-06     0.170254
       1126.0000  1.00000e-06     0.171652
       1132.0000  1.00000e-06     0.173376
       1138.0000  1.00000e-06     0.175100
       1144.0000  1.00000e-06     0.177169
       1150.0000  1.00000e-06     0.179353
       1156.0000  1.00000e-06     0.181749
       1162.0000  1.00000e-06     0.184544
       1168.0000  1.00000e-06     0.187340
       1174.0000  1.00000e-06     0.190814
       1180.0000  1.00000e-06     0.194330
       1186.0000  1.00000e-06     0.198029
       1192.0000  1.00000e-06     0.201884
       1198.0000  1.00000e-06     0.205788
       1204.0000  1.00000e-06     0.210008
       1210.0000  1.00000e-06     0.214229
       1216.0000  1.00000e-06     0.218469
       1222.0000  1.00000e-06     0.222717
       1228.0000  1.00000e-06     0.226754
       1234.0000  1.00000e-06     0.230355
       1240.0000  1.00000e-06     0.233956
       1246.0000  1.00000e-06     0.236665
       1252.0000  1.00000e-06     0.239298
       1258.0000  1.00000e-06     0.241622
       1264.0000  1.00000e-06     0.243659
       1270.0000  1.00000e-06     0.245614
       1276.0000  1.00000e-06     0.246934
       1282.0000  1.00000e-06     0.248254
       1288.0000  1.00000e-06     0.248693
       1294.0000  1.00000e-06     0.248774
       1300.0000  1.00000e-06     0.248621
       1306.0000  1.00000e-06     0.247938
       1312.0000  1.00000e-06     0.247255
       1318.0000  1.00000e-06     0.246074
       1324.0000  1.00000e-06     0.244840
       1330.0000  1.00000e-06     0.243347
       1336.0000  1.00000e-06     0.241595
       1342.0000  1.00000e-06     0.239839
       1348.0000  1.00000e-06     0.238050
       1354.0000  1.00000e-06     0.236261
       1360.0000  1.00000e-06     0.234689
       1366.0000  1.00000e-06     0.233215
       1372.0000  1.00000e-06     0.231973
       1378.0000  1.00000e-06     0.231310
       1384.0000  1.00000e-06     0.230646
       1390.0000  1.00000e-06     0.230598
       1396.0000  1.00000e-06     0.230633
       1402.0000  1.00000e-06     0.230624
       1408.0000  1.00000e-06     0.230568
       1414.0000  1.00000e-06     0.230449
       1420.0000  1.00000e-06     0.229548
       1426.0000  1.00000e-06     0.228646
       1432.0000  1.00000e-06     0.227252
       1438.0000  1.00000e-06     0.225615
       1444.0000  1.00000e-06     0.223852
       1450.0000  1.00000e-06     0.221737
       1456.0000  1.00000e-06     0.219623
       1462.0000  1.00000e-06     0.216673
       1468.0000  1.00000e-06     0.213589
       1474.0000  1.00000e-06     0.209994
       1480.0000  1.00000e-06     0.205796
       1486.0000  1.00000e-06     0.201537
       1492.0000  1.00000e-06     0.196202
       1498.0000  1.00000e-06     0.190867
       1504.0000  1.00000e-06     0.184527
       1510.0000  1.00000e-06     0.177647
       1516.0000  1.00000e-06     0.170418
       1522.0000  1.00000e-06     0.162116
       1528.0000  1.00000e-06     0.153815
       1534.0000  1.00000e-06     0.144899
       1540.0000  1.00000e-06     0.135868
       1546.0000  1.00000e-06     0.126717
       1552.0000  1.00000e-06     0.117413
       1558.0000  1.00000e-06     0.108113
       1564.0000  1.00000e-06    0.0989475
       1570.0000  1.00000e-06    0.0897816
       1576.0000  1.00000e-06    0.0810500
       1582.0000  1.00000e-06    0.0725735
       1588.0000  1.00000e-06    0.0643294
       1594.0000  1.00000e-06    0.0568820
       1600.0000  1.00000e-06    0.0494346
       1606.0000  1.00000e-06    0.0431804
       1612.0000  1.00000e-06    0.0371849
       1618.0000  1.00000e-06    0.0318667
       1624.0000  1.00000e-06    0.0274918
       1630.0000  1.00000e-06    0.0231346
       1636.0000  1.00000e-06    0.0200310
       1642.0000  1.00000e-06    0.0169275
       1648.0000  1.00000e-06    0.0144973
       1654.0000  1.00000e-06    0.0124981
       1660.0000  1.00000e-06    0.0106968
       1666.0000  1.00000e-06   0.00965940
       1672.0000  1.00000e-06   0.00862204
       1678.0000  1.00000e-06   0.00819231
       1684.0000  1.00000e-06   0.00791275
       1690.0000  1.00000e-06   0.00789665
       1696.0000  1.00000e-06   0.00827935
       1702.0000  1.00000e-06   0.00866206
       1708.0000  1.00000e-06   0.00978731
       1714.0000  1.00000e-06    0.0109172
       1720.0000  1.00000e-06    0.0125837
       1726.0000  1.00000e-06    0.0146235
       1732.0000  1.00000e-06    0.0168710
       1738.0000  1.00000e-06    0.0200289
       1744.0000  1.00000e-06    0.0231868
       1750.0000  1.00000e-06    0.0273897
       1756.0000  1.00000e-06    0.0318843
       1762.0000  1.00000e-06    0.0369108
       1768.0000  1.00000e-06    0.0428134
       1774.0000  1.00000e-06    0.0487159
       1780.0000  1.00000e-06    0.0559932
       1786.0000  1.00000e-06    0.0633076
       1792.0000  1.00000e-06    0.0715128
       1798.0000  1.00000e-06    0.0803906
       1804.0000  1.00000e-06    0.0895438
       1810.0000  1.00000e-06     0.100082
       1816.0000  1.00000e-06     0.110621
       1822.0000  1.00000e-06     0.121947
       1828.0000  1.00000e-06     0.133519
       1834.0000  1.00000e-06     0.145248
       1840.0000  1.00000e-06     0.157258
       1846.0000  1.00000e-06     0.169269
       1852.0000  1.00000e-06     0.180920
       1858.0000  1.00000e-06     0.192553
       1864.0000  1.00000e-06     0.203862
       1870.0000  1.00000e-06     0.214904
       1876.0000  1.00000e-06     0.225849
       1882.0000  1.00000e-06     0.236229
       1888.0000  1.00000e-06     0.246608
       1894.0000  1.00000e-06     0.256483
       1900.0000  1.00000e-06     0.266181
       1906.0000  1.00000e-06     0.275522
       1912.0000  1.00000e-06     0.284160
       1918.0000  1.00000e-06     0.292798
       1924.0000  1.00000e-06     0.300536
       1930.0000  1.00000e-06     0.308210
       1936.0000  1.00000e-06     0.315616
       1942.0000  1.00000e-06     0.322782
       1948.0000  1.00000e-06     0.329870
       1954.0000  1.00000e-06     0.336411
       1960.0000  1.00000e-06     0.342951
       1966.0000  1.00000e-06     0.348869
       1972.0000  1.00000e-06     0.354546
       1978.0000  1.00000e-06     0.360145
       1984.0000  1.00000e-06     0.365578
       1990.0000  1.00000e-06     0.371010
       1996.0000  1.00000e-06     0.376308
       2002.0000  1.00000e-06     0.381593
       2008.0000  1.00000e-06     0.386577
       2014.0000  1.00000e-06     0.391271
       2020.0000  1.00000e-06     0.395894
       2026.0000  1.00000e-06     0.399912
       2032.0000  1.00000e-06     0.403930
       2038.0000  1.00000e-06     0.407628
       2044.0000  1.00000e-06     0.411190
       2050.0000  1.00000e-06     0.414672
       2056.0000  1.00000e-06     0.417965
       2062.0000  1.00000e-06     0.421258
       2068.0000  1.00000e-06     0.424327
       2074.0000  1.00000e-06     0.427369
       2080.0000  1.00000e-06     0.430159
       2086.0000  1.00000e-06     0.432686
       2092.0000  1.00000e-06     0.435116
       2098.0000  1.00000e-06     0.436500
       2104.0000  1.00000e-06     0.437885
       2110.0000  1.00000e-06     0.438235
       2116.0000  1.00000e-06     0.438102
       2122.0000  1.00000e-06     0.437731
       2128.0000  1.00000e-06     0.436742
       2134.0000  1.00000e-06     0.435754
       2140.0000  1.00000e-06     0.434574
       2146.0000  1.00000e-06     0.433368
       2152.0000  1.00000e-06     0.431957
       2158.0000  1.00000e-06     0.430317
       2164.0000  1.00000e-06     0.428631
       2170.0000  1.00000e-06     0.426303
       2176.0000  1.00000e-06     0.423974
       2182.0000  1.00000e-06     0.420898
       2188.0000  1.00000e-06     0.417438
       2194.0000  1.00000e-06     0.413705
       2200.0000  1.00000e-06     0.409181
       2206.0000  1.00000e-06     0.404658
       2212.0000  1.00000e-06     0.399127
       2218.0000  1.00000e-06     0.393422
       2224.0000  1.00000e-06     0.387294
       2230.0000  1.00000e-06     0.380645
       2236.0000  1.00000e-06     0.373970
       2242.0000  1.00000e-06     0.366722
       2248.0000  1.00000e-06     0.359474
       2254.0000  1.00000e-06     0.351848
       2260.0000  1.00000e-06     0.344011
       2266.0000  1.00000e-06     0.336166
       2272.0000  1.00000e-06     0.328296
       2278.0000  1.00000e-06     0.320426
       2284.0000  1.00000e-06     0.312669
       2290.0000  1.00000e-06     0.304934
       2296.0000  1.00000e-06     0.297250
       2302.0000  1.00000e-06     0.289635
       2308.0000  1.00000e-06     0.282015
       2314.0000  1.00000e-06     0.274238
       2320.0000  1.00000e-06     0.266460
       2326.0000  1.00000e-06     0.258464
       2332.0000  1.00000e-06     0.250334
       2338.0000  1.00000e-06     0.242089
       2344.0000  1.00000e-06     0.233427
       2350.0000  1.00000e-06     0.224765
       2356.0000  1.00000e-06     0.215274
       2362.0000  1.00000e-06     0.205593
       2368.0000  1.00000e-06     0.195616
       2374.0000  1.00000e-06     0.185211
       2380.0000  1.00000e-06     0.174804
       2386.0000  1.00000e-06     0.163986
       2392.0000  1.00000e-06     0.153168
       2398.0000  1.00000e-06     0.142324
       2404.0000  1.00000e-06     0.131463
       2410.0000  1.00000e-06     0.120696
       2416.0000  1.00000e-06     0.110310
       2422.0000  1.00000e-06    0.0999251
       2428.0000  1.00000e-06    0.0901942
       2434.0000  1.00000e-06    0.0806337
       2440.0000  1.00000e-06    0.0715575
       2446.0000  1.00000e-06    0.0632406
       2452.0000  1.00000e-06    0.0549237
       2458.0000  1.00000e-06    0.0480282
       2464.0000  1.00000e-06    0.0411537
       2470.0000  1.00000e-06    0.0351431
       2476.0000  1.00000e-06    0.0297542
       2482.0000  1.00000e-06    0.0246477
       2488.0000     0.293342    0.0208494
       2494.0000     0.697125    0.0170512
       2500.0000      1.04550    0.0143071
       2506.0000      1.40901    0.0118720
       2512.0000      1.79506   0.00981770
       2518.0000      2.15594   0.00841345
       2524.0000      2.25108   0.00700919
       2530.0000      1.79956   0.00622849
       2536.0000     0.959733   0.00547016
       2542.0000     0.140671   0.00493948
       2548.0000  1.00000e-06   0.00458666
       2554.0000  1.00000e-06   0.00427007
       2560.0000  1.00000e-06   0.00414756
       2566.0000  1.00000e-06   0.00402504
       2572.0000  1.00000e-06   0.00395064
       2578.0000  1.00000e-06   0.00389200
       2584.0000  1.00000e-06   0.00383058
       2590.0000  1.00000e-06   0.00376399
       2596.0000  1.00000e-06   0.00369741
       2602.0000  1.00000e-06   0.00364924
       2608.0000  1.00000e-06   0.00360214
       2614.0000  1.00000e-06   0.00356143
       2620.0000     0.191665   0.00352613
       2626.0000     0.979360   0.00348858
       2632.0000      1.30674   0.00343681
       2638.0000      1.20608   0.00338504
       2644.0000     0.683093   0.00336013
       2650.0000    0.0505919   0.00334498
       2656.0000  1.00000e-06   0.00333028
       2662.0000  1.00000e-06   0.00331650
       2668.0000  1.00000e-06   0.00330272
       2674.0000  1.00000e-06   0.00325437
       2680.0000  1.00000e-06   0.00320323
       2686.0000  1.00000e-06   0.00314429
       2692.0000  1.00000e-06   0.00307820
       2698.0000  1.00000e-06   0.00301369
       2704.0000  1.00000e-06   0.00296113
       2710.0000     0.414373   0.00290857
       2716.0000      1.90812   0.00288505
       2722.0000      3.72762   0.00287321
       2728.0000      5.39742   0.00286114
       2734.0000      6.76359   0.00284856
       2740.0000      7.83102   0.00283599
       2746.0000      8.80373   0.00281342
       2752.0000      10.1360   0.00278982
       2758.0000      12.3957   0.00272993
       2764.0000      15.5795   0.00263394
       2770.0000      19.0518   0.00253841
       2776.0000      22.2122   0.00244713
       2782.0000      25.1116   0.00235584
       2788.0000      27.9626   0.00229204
       2794.0000      30.9827   0.00224041
       2800.0000      34.7161   0.00219348
       2806.0000      39.5534   0.00215811
       2812.0000      45.1244   0.00212273
       2818.0000      50.6486   0.00207317
       2824.0000      55.4048   0.00202177
       2830.0000      58.7748   0.00196705
       2836.0000      61.7968   0.00190875
       2842.0000      65.4038   0.00185280
       2848.0000      69.6851   0.00182484
       2854.0000      73.3059   0.00179687
       2860.0000      75.9874   0.00176144
       2866.0000      77.4776   0.00172239
       2872.0000      77.6694   0.00167710
       2878.0000      77.0455   0.00161486
       2884.0000      76.0114   0.00155262
       2890.0000      75.1793   0.00148059
       2896.0000      74.5151   0.00140704
       2902.0000      73.5406   0.00133618
       2908.0000      70.9375   0.00126846
       2914.0000      66.7095   0.00120151
       2920.0000      62.3771   0.00114722
       2926.0000      59.8025   0.00109294
       2932.0000      59.9505   0.00104024
       2938.0000      61.4628  0.000988375
       2944.0000      62.5776  0.000937363
       2950.0000      62.6517  0.000888907
       2956.0000      61.5332  0.000840451
       2962.0000      58.8358  0.000813660
       2968.0000      54.2967  0.000790838
       2974.0000      49.9877  0.000775363
       2980.0000      46.9726  0.000769193
       2986.0000      44.6119  0.000762941
       2992.0000      41.1616  0.000754555
       2998.0000      36.0317  0.000746168
       3004.0000      29.7388  0.000730601
       3010.0000      23.4491  0.000710874
       3016.0000      17.2172  0.000691145
       3022.0000      10.5096  0.000671407
       3028.0000      3.46791  0.000651669
       3034.0000  1.00000e-06  0.000641366
       3040.0000  1.00000e-06  0.000633063
       3046.0000  1.00000e-06  0.000621837
       3052.0000  1.00000e-06  0.000606591
       3058.0000  1.00000e-06  0.000591232
       3064.0000  1.00000e-06  0.000569368
       3070.0000  1.00000e-06  0.000547503
       3076.0000  1.00000e-06  0.000521115
       3082.0000  1.00000e-06  0.000491872
       3088.0000  1.00000e-06  0.000462601
       3094.0000  1.00000e-06  0.000433227
       3100.0000   0.00210649  0.000403852
       3106.0000      2.44960  0.000378419
       3112.0000      6.34776  0.000353938
       3118.0000      6.79943  0.000331332
       3124.0000      4.40406  0.000311522
       3130.0000      1.82638  0.000291712
       3136.0000     0.219525  0.000274867
       3142.0000  1.00000e-06  0.000258031
       3148.0000     0.820049  0.000245298
       3154.0000      1.73331  0.000235381
       3160.0000      1.04034  0.000226660
       3166.0000  1.00000e-06  0.000223064
       3172.0000  1.00000e-06  0.000219469
       3178.0000  1.00000e-06  0.000217408
       3184.0000  1.00000e-06  0.000215768
       3190.0000  1.00000e-06  0.000214064
       3196.0000  1.00000e-06  0.000212259
       3202.0000  1.00000e-06  0.000210453
       3208.0000  1.00000e-06  0.000207701
       3214.0000  1.00000e-06  0.000204926
       3220.0000  1.00000e-06  0.000206344
       3226.0000  1.00000e-06  0.000210884
       3232.0000  1.00000e-06  0.000216271
       3238.0000     0.387122  0.000225813
       3244.0000      4.70650  0.000235356
       3250.0000      7.61954  0.000241744
       3256.0000      8.30575  0.000247163
       3262.0000      7.11594  0.000250239
       3268.0000      4.94367  0.000249168
       3274.0000      2.06049  0.000248097
       3280.0000    0.0296294  0.000251756
       3286.0000  1.00000e-06  0.000255628
       3292.0000  1.00000e-06  0.000256449
       3298.0000  1.00000e-06  0.000254805
       3304.0000  1.00000e-06  0.000252392
       3310.0000  1.00000e-06  0.000245597
       3316.0000  1.00000e-06  0.000238802
       3322.0000  1.00000e-06  0.000228409
       3328.0000  1.00000e-06  0.000216785
       3334.0000  1.00000e-06  0.000206068
       3340.0000  1.00000e-06  0.000197104
       3346.0000  1.00000e-06  0.000188139
       3352.0000  1.00000e-06  0.000187274
       3358.0000  1.00000e-06  0.000186954
       3364.0000  1.00000e-06  0.000190228
       3370.0000  1.00000e-06  0.000196650
       3376.0000  1.00000e-06  0.000202493
       3382.0000  1.00000e-06  0.000204416
       3388.0000  1.00000e-06  0.000206338
       3394.0000  1.00000e-06  0.000208476
       3400.0000  1.00000e-06  0.000210695
       3406.0000  1.00000e-06  0.000213517
       3412.0000  1.00000e-06  0.000217616
       3418.0000  1.00000e-06  0.000221714
       3424.0000  1.00000e-06  0.000219522
       3430.0000  1.00000e-06  0.000216760
       3436.0000  1.00000e-06  0.000212268
       3442.0000  1.00000e-06  0.000206135
       3448.0000  1.00000e-06  0.000199783
       3454.0000  1.00000e-06  0.000191633
       3460.0000  1.00000e-06  0.000183483
       3466.0000  1.00000e-06  0.000185007
       3472.0000  1.00000e-06  0.000190580
       3478.0000  1.00000e-06  0.000194284
       3484.0000  1.00000e-06  0.000193646
       3490.0000  1.00000e-06  0.000193008
       3496.0000  1.00000e-06  0.000192987
       3502.0000  1.00000e-06  0.000193036
       3508.0000  1.00000e-06  0.000194899
       3514.0000  1.00000e-06  0.000198628
       3520.0000  1.00000e-06  0.000202378
       3526.0000  1.00000e-06  0.000206347
       3532.0000  1.00000e-06  0.000210316
       3538.0000  1.00000e-06  0.000213683
       3544.0000  1.00000e-06  0.000216773
       3550.0000  1.00000e-06  0.000218460
       3556.0000  1.00000e-06  0.000216555
       3562.0000  1.00000e-06  0.000214649
       3568.0000  1.00000e-06  0.000207199
       3574.0000  1.00000e-06  0.000198970
       3580.0000  1.00000e-06  0.000192711
       3586.0000  1.00000e-06  0.000188646
       3592.0000  1.00000e-06  0.000184959
       3598.0000  1.00000e-06  0.000186375
       3604.0000  1.00000e-06  0.000187790
       3610.0000  1.00000e-06  0.000185626
       3616.0000  1.00000e-06  0.000181657
       3622.0000  1.00000e-06  0.000176464
       3628.0000  1.00000e-06  0.000167804
       3634.0000  1.00000e-06  0.000159144
       3640.0000  1.00000e-06  0.000147131
       3646.0000  1.00000e-06  0.000134559
       3652.0000  1.00000e-06  0.000123330
       3658.0000  1.00000e-06  0.000113725
       3664.0000  1.00000e-06  0.000104392
       3670.0000  1.00000e-06  0.000100362
       3676.0000  1.00000e-06  9.63322e-05
       3682.0000  1.00000e-06  8.94551e-05
       3688.0000  1.00000e-06  8.10098e-05
       3694.0000  1.00000e-06  7.31350e-05
       3700.0000  1.00000e-06  6.70594e-05
       3706.0000  1.00000e-06  6.09838e-05
       3712.0000  1.00000e-06  5.81167e-05
       3718.0000  1.00000e-06  5.58754e-05
       3724.0000  1.00000e-06  5.19176e-05
       3730.0000  1.00000e-06  4.57107e-05
       3736.0000  1.00000e-06  3.95019e-05
       3742.0000  1.00000e-06  3.32347e-05
       3748.0000  1.00000e-06  2.69675e-05
       3754.0000  1.00000e-06  2.40761e-05
       3760.0000  1.00000e-06  2.32119e-05
       3766.0000  1.00000e-06  2.12472e-05
       3772.0000  1.00000e-06  1.53971e-05
       3778.0000  1.00000e-06  9.54699e-06
       3784.0000  1.00000e-06  5.96705e-06
       3790.0000  1.00000e-06  2.89639e-06
       3796.0000  1.00000e-06  1.07707e-06
       3802.0000  1.00000e-06  1.03837e-06
       3808.0000  1.00000e-06  1.00000e-06
       3814.0000  1.00000e-06  1.00000e-06
       3820.0000  1.00000e-06  1.00000e-06
       3826.0000  1.00000e-06  1.00000e-06
       3832.0000  1.00000e-06  1.00000e-06
       3838.0000  1.00000e-06  1.00000e-06
       3844.0000  1.00000e-06  1.00000e-06
       3850.0000  1.00000e-06  1.00000e-06
       3856.0000  1.00000e-06  1.00000e-06
       3862.0000  1.00000e-06  1.00000e-06
       3868.0000  1.00000e-06  1.00000e-06
       3874.0000  1.00000e-06  1.00000e-06
       3880.0000  1.00000e-06  1.00000e-06
       3886.0000  1.00000e-06  1.00000e-06
       3892.0000  1.00000e-06  1.00000e-06
       3898.0000  1.00000e-06  1.00000e-06
       3904.0000  1.00000e-06  1.00000e-06
       3910.0000  1.00000e-06  1.00000e-06
       3916.0000  1.00000e-06  1.00000e-06
       3922.0000  1.00000e-06  1.00000e-06
       3928.0000  1.00000e-06  1.00000e-06
       3934.0000  1.00000e-06  1.00000e-06
       3940.0000  1.00000e-06  1.00000e-06
       3946.0000  1.00000e-06  1.00000e-06
       3952.0000  1.00000e-06  1.00000e-06
       3958.0000  1.00000e-06  1.00000e-06
       3964.0000  1.00000e-06  1.00000e-06
       3970.0000  1.00000e-06  1.00000e-06
       3976.0000  1.00000e-06  1.00000e-06
       3982.0000  1.00000e-06  1.00000e-06
       3988.0000  1.00000e-06  1.00000e-06
       3994.0000  1.00000e-06  1.00000e-06
       4000.0000  1.00000e-06  1.00000e-06
       4006.0000  1.00000e-06  1.00000e-06
       4012.0000  1.00000e-06  1.00000e-06
       4018.0000  1.00000e-06  1.00000e-06
       4024.0000  1.00000e-06  1.00000e-06
       4030.0000  1.00000e-06  1.00000e-06
       4036.0000  1.00000e-06  1.00000e-06
       4042.0000  1.00000e-06  1.00000e-06
       4048.0000  1.00000e-06  1.00000e-06
       4054.0000  1.00000e-06  1.00000e-06
       4060.0000  1.00000e-06  1.00000e-06
       4066.0000  1.00000e-06  1.00000e-06
       4072.0000  1.00000e-06  1.00000e-06
       4078.0000  1.00000e-06  1.00000e-06
       4084.0000  1.00000e-06  1.00000e-06
       4090.0000  1.00000e-06  1.00000e-06
       4096.0000  1.00000e-06  1.00000e-06
       4102.0000  1.00000e-06  1.00000e-06
       4108.0000  1.00000e-06  1.00000e-06
       4114.0000  1.00000e-06  1.00000e-06
       4120.0000  1.00000e-06  1.00000e-06
       4126.0000  1.00000e-06  1.00000e-06
       4132.0000  1.00000e-06  1.00000e-06
       4138.0000  1.00000e-06  1.00000e-06
       4144.0000  1.00000e-06  1.00000e-06
       4150.0000  1.00000e-06  1.00000e-06
       4156.0000  1.00000e-06  1.00000e-06
       4162.0000  1.00000e-06  1.00000e-06
       4168.0000  1.00000e-06  1.00000e-06
       4174.0000  1.00000e-06  1.00000e-06
       4180.0000  1.00000e-06  1.00000e-06
       4186.0000  1.00000e-06  1.00000e-06
       4192.0000  1.00000e-06  1.00000e-06
       4198.0000  1.00000e-06  1.00000e-06
       4204.0000  1.00000e-06  1.00000e-06
       4210.0000  1.00000e-06  1.00000e-06
       4216.0000  1.00000e-06  1.00000e-06
       4222.0000  1.00000e-06  1.00000e-06
       4228.0000  1.00000e-06  1.00000e-06
       4234.0000  1.00000e-06  1.00000e-06
       4240.0000  1.00000e-06  1.00000e-06
       4246.0000  1.00000e-06  1.00000e-06
       4252.0000  1.00000e-06  1.00000e-06
       4258.0000  1.00000e-06  1.00000e-06
       4264.0000  1.00000e-06  1.00000e-06
       4270.0000  1.00000e-06  1.00000e-06
       4276.0000  1.00000e-06  1.00000e-06
       4282.0000  1.00000e-06  1.00000e-06
       4288.0000  1.00000e-06  1.00000e-06
       4294.0000  1.00000e-06  1.00000e-06
       4300.0000  1.00000e-06  1.00000e-06
       4306.0000  1.00000e-06  1.00000e-06
       4312.0000  1.00000e-06  1.00000e-06
       4318.0000  1.00000e-06  1.00000e-06
       4324.0000  1.00000e-06  1.00000e-06
       4330.0000  1.00000e-06  1.00000e-06
       4336.0000  1.00000e-06  1.00000e-06
       4342.0000  1.00000e-06  1.00000e-06
       4348.0000  1.00000e-06  1.00000e-06
       4354.0000  1.00000e-06  1.00000e-06
       4360.0000  1.00000e-06  1.00000e-06
       4366.0000  1.00000e-06  1.00000e-06
       4372.0000  1.00000e-06  1.00000e-06
       4378.0000  1.00000e-06  1.00000e-06
       4384.0000  1.00000e-06  1.00000e-06
       4390.0000  1.00000e-06  1.00000e-06
       4396.0000  1.00000e-06  1.00000e-06
       4402.0000  1.00000e-06  1.00000e-06
       4408.0000  1.00000e-06  1.00000e-06
       4414.0000  1.00000e-06  1.00000e-06
       4420.0000  1.00000e-06  1.00000e-06
       4426.0000  1.00000e-06  1.00000e-06
       4432.0000  1.00000e-06  1.00000e-06
       4438.0000  1.00000e-06  1.00000e-06
       4444.0000  1.00000e-06  1.00000e-06
       4450.0000  1.00000e-06  1.00000e-06
       4456.0000  1.00000e-06  1.00000e-06
       4462.0000  1.00000e-06  1.00000e-06
       4468.0000  1.00000e-06  1.00000e-06
       4474.0000  1.00000e-06  1.00000e-06
       4480.0000  1.00000e-06  1.00000e-06
       4486.0000  1.00000e-06  1.00000e-06
       4492.0000  1.00000e-06  1.00000e-06
       4498.0000  1.00000e-06  1.00000e-06
       4504.0000  1.00000e-06  1.00000e-06
       4510.0000  1.00000e-06  1.00000e-06
       4516.0000  1.00000e-06  1.00000e-06
       4522.0000  1.00000e-06  1.00000e-06
       4528.0000  1.00000e-06  1.00000e-06
       4534.0000  1.00000e-06  1.00000e-06
       4540.0000  1.00000e-06  1.00000e-06
       4546.0000  1.00000e-06  1.00000e-06
       4552.0000  1.00000e-06  1.00000e-06
       4558.0000  1.00000e-06  1.00000e-06
       4564.0000  1.00000e-06  1.00000e-06
       4570.0000  1.00000e-06  1.00000e-06
       4576.0000  1.00000e-06  1.00000e-06
       4582.0000  1.00000e-06  1.00000e-06
       4588.0000  1.00000e-06  1.00000e-06
       4594.0000  1.00000e-06  1.00000e-06
       4600.0000  1.00000e-06  1.00000e-06
       4606.0000  1.00000e-06  1.00000e-06
       4612.0000  1.00000e-06  1.00000e-06
       4618.0000  1.00000e-06  1.00000e-06
       4624.0000  1.00000e-06  1.00000e-06
       4630.0000  1.00000e-06  1.00000e-06
       4636.0000  1.00000e-06  1.00000e-06
       4642.0000  1.00000e-06  1.00000e-06
       4648.0000  1.00000e-06  1.00000e-06
       4654.0000  1.00000e-06  1.00000e-06
       4660.0000  1.00000e-06  1.00000e-06
       4666.0000  1.00000e-06  1.00000e-06
       4672.0000  1.00000e-06  1.00000e-06
       4678.0000  1.00000e-06  1.00000e-06
       4684.0000  1.00000e-06  1.00000e-06
       4690.0000  1.00000e-06  1.00000e-06
       4696.0000  1.00000e-06  1.00000e-06
       4702.0000  1.00000e-06  1.00000e-06
       4708.0000  1.00000e-06  1.00000e-06
       4714.0000  1.00000e-06  1.00000e-06
       4720.0000  1.00000e-06  1.00000e-06
       4726.0000  1.00000e-06  1.00000e-06
       4732.0000  1.00000e-06  1.00000e-06
       4738.0000  1.00000e-06  1.00000e-06
       4744.0000  1.00000e-06  1.00000e-06
       4750.0000  1.00000e-06  1.00000e-06
       4756.0000  1.00000e-06  1.00000e-06
       4762.0000  1.00000e-06  1.00000e-06
       4768.0000  1.00000e-06  1.00000e-06
       4774.0000  1.00000e-06  1.00000e-06
       4780.0000  1.00000e-06  1.00000e-06
       4786.0000  1.00000e-06  1.00000e-06
       4792.0000  1.00000e-06  1.00000e-06
       4798.0000  1.00000e-06  1.00000e-06
       4804.0000  1.00000e-06  1.00000e-06
       4810.0000  1.00000e-06  1.00000e-06
       4816.0000  1.00000e-06  1.00000e-06
       4822.0000  1.00000e-06  1.00000e-06
       4828.0000  1.00000e-06  1.00000e-06
       4834.0000  1.00000e-06  1.00000e-06
       4840.0000  1.00000e-06  1.00000e-06
       4846.0000  1.00000e-06  1.00000e-06
       4852.0000  1.00000e-06  1.00000e-06
       4858.0000  1.00000e-06  1.00000e-06
       4864.0000  1.00000e-06  1.00000e-06
       4870.0000  1.00000e-06  1.00000e-06
       4876.0000  1.00000e-06  1.00000e-06
       4882.0000  1.00000e-06  1.00000e-06
       4888.0000  1.00000e-06  1.00000e-06
       4894.0000  1.00000e-06  1.00000e-06
       4900.0000  1.00000e-06  1.00000e-06
       4906.0000  1.00000e-06  1.00000e-06
       4912.0000  1.00000e-06  1.00000e-06
       4918.0000  1.00000e-06  1.00000e-06
       4924.0000  1.00000e-06  1.00000e-06
       4930.0000  1.00000e-06  1.00000e-06
       4936.0000  1.00000e-06  1.00000e-06
       4942.0000  1.00000e-06  1.00000e-06
       4948.0000  1.00000e-06  1.00000e-06
       4954.0000  1.00000e-06  1.00000e-06
       4960.0000  1.00000e-06  1.00000e-06
       4966.0000  1.00000e-06  1.00000e-06
       4972.0000  1.00000e-06  1.00000e-06
       4978.0000  1.00000e-06  1.00000e-06
       4984.0000  1.00000e-06  1.00000e-06
       4990.0000  1.00000e-06  1.00000e-06
       4996.0000  1.00000e-06  4.88444e-06
       5002.0000  1.00000e-06  9.29753e-06
       5008.0000  1.00000e-06  1.26871e-05
       5014.0000  1.00000e-06  1.49504e-05
       5020.0000  1.00000e-06  1.76879e-05
       5026.0000  1.00000e-06  2.65291e-05
       5032.0000  1.00000e-06  3.53703e-05
       5038.0000  1.00000e-06  3.74004e-05
       5044.0000  1.00000e-06  3.60472e-05
       5050.0000  1.00000e-06  3.47528e-05
       5056.0000  1.00000e-06  3.36218e-05
       5062.0000  1.00000e-06  3.24908e-05
       5068.0000  1.00000e-06  3.19349e-05
       5074.0000  1.00000e-06  3.14725e-05
       5080.0000  1.00000e-06  3.12895e-05
       5086.0000  1.00000e-06  3.14396e-05
       5092.0000  1.00000e-06  3.14786e-05
       5098.0000  1.00000e-06  2.94942e-05
       5104.0000  1.00000e-06  2.75099e-05
       5110.0000  1.00000e-06  2.71103e-05
       5116.0000  1.00000e-06  2.75711e-05
       5122.0000  1.00000e-06  2.82127e-05
       5128.0000  1.00000e-06  2.94141e-05
       5134.0000  1.00000e-06  3.06155e-05
       5140.0000  1.00000e-06  3.23801e-05
       5146.0000  1.00000e-06  3.42521e-05
       5152.0000  1.00000e-06  3.66247e-05
       5158.0000  1.00000e-06  3.96449e-05
       5164.0000  1.00000e-06  4.27067e-05
       5170.0000  1.00000e-06  4.70245e-05
       5176.0000  1.00000e-06  5.13423e-05
       5182.0000  1.00000e-06  5.37590e-05
       5188.0000  1.00000e-06  5.50501e-05
       5194.0000  1.00000e-06  5.60393e-05
       5200.0000  1.00000e-06  5.59837e-05
       5206.0000  1.00000e-06  5.59281e-05
       5212.0000  1.00000e-06  5.58089e-05
       5218.0000  1.00000e-06  5.56757e-05
       5224.0000  1.00000e-06  5.59366e-05
       5230.0000  1.00000e-06  5.67506e-05
       5236.0000  1.00000e-06  5.75509e-05
       5242.0000  1.00000e-06  5.72286e-05
       5248.0000  1.00000e-06  5.69063e-05
       5254.0000  1.00000e-06  6.14438e-05
       5260.0000  1.00000e-06  6.91135e-05
       5266.0000  1.00000e-06  7.65696e-05
       5272.0000  1.00000e-06  8.31916e-05
       5278.0000  1.00000e-06  8.98135e-05
       5284.0000  1.00000e-06  9.26953e-05
       5290.0000  1.00000e-06  9.46418e-05
       5296.0000  1.00000e-06  9.53534e-05
       5302.0000  1.00000e-06  9.41814e-05
       5308.0000  1.00000e-06  9.30095e-05
       5314.0000  1.00000e-06  9.31756e-05
       5320.0000  1.00000e-06  9.33524e-05
       5326.0000  1.00000e-06  9.21503e-05
       5332.0000  1.00000e-06  8.99820e-05
       5338.0000  1.00000e-06  8.74114e-05
       5344.0000  1.00000e-06  8.30549e-05
       5350.0000  1.00000e-06  7.86985e-05
       5356.0000  1.00000e-06  7.65679e-05
       5362.0000  1.00000e-06  7.50654e-05
       5368.0000  1.00000e-06  7.53443e-05
       5374.0000  1.00000e-06  7.85801e-05
       5380.0000  1.00000e-06  8.18158e-05
       5386.0000  1.00000e-06  7.80199e-05
       5392.0000  1.00000e-06  7.40215e-05
       5398.0000  1.00000e-06  7.29853e-05
       5404.0000  1.00000e-06  7.42033e-05
       5410.0000  1.00000e-06  7.59497e-05
       5416.0000  1.00000e-06  8.03921e-05
       5422.0000  1.00000e-06  8.48344e-05
       5428.0000  1.00000e-06  8.44062e-05
       5434.0000  1.00000e-06  8.24393e-05
       5440.0000  1.00000e-06  7.92190e-05
       5446.0000  1.00000e-06  7.37306e-05
       5452.0000  1.00000e-06  6.82423e-05
       5458.0000  1.00000e-06  6.95239e-05
       5464.0000  1.00000e-06  7.11469e-05
       5470.0000  1.00000e-06  7.14850e-05
       5476.0000  1.00000e-06  7.07626e-05
       5482.0000  1.00000e-06  7.01890e-05
       5488.0000  1.00000e-06  7.04998e-05
       5494.0000  1.00000e-06  7.08107e-05
