      -500.00000  1.00000e-06  9.74989e-05
      -494.00000  1.00000e-06  0.000101829
      -488.00000  1.00000e-06  9.97390e-05
      -482.00000  1.00000e-06  9.50108e-05
      -476.00000  1.00000e-06  9.13239e-05
      -470.00000  1.00000e-06  9.00342e-05
      -464.00000  1.00000e-06  8.87445e-05
      -458.00000  1.00000e-06  9.27358e-05
      -452.00000  1.00000e-06  9.73341e-05
      -446.00000  1.00000e-06  9.86082e-05
      -440.00000  1.00000e-06  9.64361e-05
      -434.00000  1.00000e-06  9.36711e-05
      -428.00000  1.00000e-06  8.45280e-05
      -422.00000  1.00000e-06  7.53848e-05
      -416.00000  1.00000e-06  7.35134e-05
      -410.00000  1.00000e-06  7.50776e-05
      -404.00000  1.00000e-06  7.76051e-05
      -398.00000  1.00000e-06  8.26951e-05
      -392.00000  1.00000e-06  8.77852e-05
      -386.00000  1.00000e-06  9.17968e-05
      -380.00000  1.00000e-06  9.56433e-05
      -374.00000  1.00000e-06  9.63953e-05
      -368.00000  1.00000e-06  9.35342e-05
      -362.00000  1.00000e-06  9.09508e-05
      -356.00000  1.00000e-06  9.30988e-05
      -350.00000  1.00000e-06  9.52468e-05
      -344.00000  1.00000e-06  9.92110e-05
      -338.00000  1.00000e-06  0.000104155
      -332.00000  1.00000e-06  0.000107434
      -326.00000  1.00000e-06  0.000105543
      -320.00000  1.00000e-06  0.000103652
      -314.00000  1.00000e-06  0.000102678
      -308.00000  1.00000e-06  0.000101882
      -302.00000  1.00000e-06  0.000100348
      -296.00000  1.00000e-06  9.78431e-05
      -290.00000  1.00000e-06  9.54397e-05
      -284.00000  1.00000e-06  9.68700e-05
      -278.00000  1.00000e-06  9.83002e-05
      -272.00000  1.00000e-06  0.000103284
      -266.00000  1.00000e-06  0.000110447
      -260.00000  1.00000e-06  0.000115669
      -254.00000  1.00000e-06  0.000113763
      -248.00000  1.00000e-06  0.000111857
      -242.00000  1.00000e-06  0.000114036
      -236.00000  1.00000e-06  0.000117186
      -230.00000  1.00000e-06  0.000116382
      -224.00000  1.00000e-06  0.000109697
      -218.00000  1.00000e-06  0.000103012
      -212.00000  1.00000e-06  9.99103e-05
      -206.00000  1.00000e-06  9.68221e-05
      -200.00000  1.00000e-06  9.37513e-05
      -194.00000  1.00000e-06  9.06927e-05
      -188.00000  1.00000e-06  8.92175e-05
      -182.00000  1.00000e-06  9.47505e-05
      -176.00000  1.00000e-06  0.000100283
      -170.00000  1.00000e-06  0.000106894
      -164.00000  1.00000e-06  0.000113811
      -158.00000  1.00000e-06  0.000121104
      -152.00000  1.00000e-06  0.000129029
      -146.00000  1.00000e-06  0.000136955
      -140.00000  1.00000e-06  0.000139393
      -134.00000  1.00000e-06  0.000141640
      -128.00000  1.00000e-06  0.000143755
      -122.00000  1.00000e-06  0.000145766
      -116.00000  1.00000e-06  0.000149998
      -110.00000  1.00000e-06  0.000166369
      -104.00000  1.00000e-06  0.000182739
      -98.000000  1.00000e-06  0.000188313
      -92.000000  1.00000e-06  0.000190263
      -86.000000  1.00000e-06  0.000195916
      -80.000000  1.00000e-06  0.000208668
      -74.000000  1.00000e-06  0.000221420
      -68.000000  1.00000e-06  0.000265048
      -62.000000  1.00000e-06  0.000310756
      -56.000000  1.00000e-06  0.000394667
      -50.000000  1.00000e-06  0.000512324
      -44.000000  1.00000e-06  0.000658644
      -38.000000  1.00000e-06   0.00100556
      -32.000000  1.00000e-06   0.00135248
      -26.000000  1.00000e-06   0.00215216
      -20.000000  1.00000e-06   0.00312869
      -14.000000  1.00000e-06   0.00453827
      -8.0000000  1.00000e-06   0.00689759
      -2.0000000  1.00000e-06   0.00925690
       4.0000000  1.00000e-06    0.0136725
       10.000000  1.00000e-06    0.0182984
       16.000000  1.00000e-06    0.0243835
       22.000000  1.00000e-06    0.0319202
       28.000000  1.00000e-06    0.0397089
       34.000000  1.00000e-06    0.0498859
       40.000000  1.00000e-06    0.0600630
       46.000000  1.00000e-06    0.0707877
       52.000000  1.00000e-06    0.0817591
       58.000000  1.00000e-06    0.0921867
       64.000000  1.00000e-06     0.101240
       70.000000  1.00000e-06     0.110294
       76.000000  1.00000e-06     0.115337
       82.000000  1.00000e-06     0.119821
       88.000000  1.00000e-06     0.121678
       94.000000  1.00000e-06     0.120592
       100.00000  1.00000e-06     0.119198
       106.00000  1.00000e-06     0.113428
       112.00000  1.00000e-06     0.107658
       118.00000  1.00000e-06    0.0998675
       124.00000  1.00000e-06    0.0910345
       130.00000  1.00000e-06    0.0819516
       136.00000  1.00000e-06    0.0721345
       142.00000  1.00000e-06    0.0623174
       148.00000  1.00000e-06    0.0534144
       154.00000  1.00000e-06    0.0446753
       160.00000  1.00000e-06    0.0368856
       166.00000  1.00000e-06    0.0302942
       172.00000  1.00000e-06    0.0237811
       178.00000  1.00000e-06    0.0193532
       184.00000  1.00000e-06    0.0149253
       190.00000  1.00000e-06    0.0116512
       196.00000  1.00000e-06   0.00905412
       202.00000  1.00000e-06   0.00675238
       208.00000  1.00000e-06   0.00547213
       214.00000  1.00000e-06   0.00419187
       220.00000  1.00000e-06   0.00358513
       226.00000  1.00000e-06   0.00312788
       232.00000  1.00000e-06   0.00287727
       238.00000  1.00000e-06   0.00292103
       244.00000  1.00000e-06   0.00296740
       250.00000  1.00000e-06   0.00341079
       256.00000  1.00000e-06   0.00385417
       262.00000  1.00000e-06   0.00447989
       268.00000  1.00000e-06   0.00522685
       274.00000  1.00000e-06   0.00601920
       280.00000  1.00000e-06   0.00699936
       286.00000  1.00000e-06   0.00797952
       292.00000  1.00000e-06   0.00916831
       298.00000  1.00000e-06    0.0104130
       304.00000  1.00000e-06    0.0117599
       310.00000  1.00000e-06    0.0132715
       316.00000  1.00000e-06    0.0147831
       322.00000  1.00000e-06    0.0164539
       328.00000  1.00000e-06    0.0181284
       334.00000  1.00000e-06    0.0198658
       340.00000  1.00000e-06    0.0216504
       346.00000  1.00000e-06    0.0234116
       352.00000  1.00000e-06    0.0250543
       358.00000  1.00000e-06    0.0266970
       364.00000  1.00000e-06    0.0280170
       370.00000  1.00000e-06    0.0292345
       376.00000  1.00000e-06    0.0302813
       382.00000  1.00000e-06    0.0310155
       388.00000  1.00000e-06    0.0317498
       394.00000  1.00000e-06    0.0321293
       400.00000  1.00000e-06    0.0324890
       406.00000  1.00000e-06    0.0327004
       412.00000  1.00000e-06    0.0327861
       418.00000  1.00000e-06    0.0328402
       424.00000  1.00000e-06    0.0326921
       430.00000  1.00000e-06    0.0325440
       436.00000  1.00000e-06    0.0322350
       442.00000  1.00000e-06    0.0318663
       448.00000  1.00000e-06    0.0314749
       454.00000  1.00000e-06    0.0310363
       460.00000  1.00000e-06    0.0305977
       466.00000  1.00000e-06    0.0302547
       472.00000  1.00000e-06    0.0299202
       478.00000  1.00000e-06    0.0296738
       484.00000  1.00000e-06    0.0295114
       490.00000  1.00000e-06    0.0293720
       496.00000  1.00000e-06    0.0294271
       502.00000  1.00000e-06    0.0294821
       508.00000  1.00000e-06    0.0297427
       514.00000  1.00000e-06    0.0300913
       520.00000  1.00000e-06    0.0305219
       526.00000  1.00000e-06    0.0311495
       532.00000  1.00000e-06    0.0317770
       538.00000  1.00000e-06    0.0326733
       544.00000  1.00000e-06    0.0336034
       550.00000  1.00000e-06    0.0345984
       556.00000  1.00000e-06    0.0356630
       562.00000  1.00000e-06    0.0367248
       568.00000  1.00000e-06    0.0377532
       574.00000  1.00000e-06    0.0387815
       580.00000  1.00000e-06    0.0397887
       586.00000  1.00000e-06    0.0407853
       592.00000  1.00000e-06    0.0418143
       598.00000  1.00000e-06    0.0429335
       604.00000  1.00000e-06    0.0440526
       610.00000  1.00000e-06    0.0452771
       616.00000  1.00000e-06    0.0465190
       622.00000  1.00000e-06    0.0477477
       628.00000  1.00000e-06    0.0489606
       634.00000  1.00000e-06    0.0501734
       640.00000  1.00000e-06    0.0513854
       646.00000  1.00000e-06    0.0525973
       652.00000  1.00000e-06    0.0539554
       658.00000  1.00000e-06    0.0553953
       664.00000  1.00000e-06    0.0568534
       670.00000  1.00000e-06    0.0583706
       676.00000  1.00000e-06    0.0598878
       682.00000  1.00000e-06    0.0612716
       688.00000  1.00000e-06    0.0626277
       694.00000  1.00000e-06    0.0638672
       700.00000  1.00000e-06    0.0649476
       706.00000  1.00000e-06    0.0660263
       712.00000  1.00000e-06    0.0670159
       718.00000  1.00000e-06    0.0680055
       724.00000  1.00000e-06    0.0691973
       730.00000  1.00000e-06    0.0705181
       736.00000  1.00000e-06    0.0718876
       742.00000  1.00000e-06    0.0734465
       748.00000  1.00000e-06    0.0750054
       754.00000  1.00000e-06    0.0766251
       760.00000  1.00000e-06    0.0782602
       766.00000  1.00000e-06    0.0799741
       772.00000  1.00000e-06    0.0818097
       778.00000  1.00000e-06    0.0836452
       784.00000  1.00000e-06    0.0858326
       790.00000  1.00000e-06    0.0880246
       796.00000  1.00000e-06    0.0902688
       802.00000  1.00000e-06    0.0925505
       808.00000  1.00000e-06    0.0948070
       814.00000  1.00000e-06    0.0969446
       820.00000  1.00000e-06    0.0990822
       826.00000  1.00000e-06     0.101147
       832.00000  1.00000e-06     0.103189
       838.00000  1.00000e-06     0.105215
       844.00000  1.00000e-06     0.107211
       850.00000  1.00000e-06     0.109207
       856.00000  1.00000e-06     0.111009
       862.00000  1.00000e-06     0.112803
       868.00000  1.00000e-06     0.114503
       874.00000  1.00000e-06     0.116127
       880.00000  1.00000e-06     0.117767
       886.00000  1.00000e-06     0.119503
       892.00000  1.00000e-06     0.121240
       898.00000  1.00000e-06     0.123066
       904.00000  1.00000e-06     0.124924
       910.00000  1.00000e-06     0.126785
       916.00000  1.00000e-06     0.128653
       922.00000  1.00000e-06     0.130522
       928.00000  1.00000e-06     0.132368
       934.00000  1.00000e-06     0.134213
       940.00000  1.00000e-06     0.136116
       946.00000  1.00000e-06     0.138072
       952.00000  1.00000e-06     0.140000
       958.00000  1.00000e-06     0.141713
       964.00000  1.00000e-06     0.143425
       970.00000  1.00000e-06     0.144818
       976.00000  1.00000e-06     0.146079
       982.00000  1.00000e-06     0.147140
       988.00000  1.00000e-06     0.147744
       994.00000  1.00000e-06     0.148347
       1000.0000  1.00000e-06     0.148687
       1006.0000  1.00000e-06     0.148997
       1012.0000  1.00000e-06     0.149424
       1018.0000  1.00000e-06     0.149973
       1024.0000  1.00000e-06     0.150550
       1030.0000  1.00000e-06     0.151429
       1036.0000  1.00000e-06     0.152308
       1042.0000  1.00000e-06     0.153223
       1048.0000  1.00000e-06     0.154156
       1054.0000  1.00000e-06     0.155118
       1060.0000  1.00000e-06     0.156158
       1066.0000  1.00000e-06     0.157198
       1072.0000  1.00000e-06     0.158359
       1078.0000  1.00000e-06     0.159539
       1084.0000  1.00000e-06     0.160787
       1090.0000  1.00000e-06     0.162114
       1096.0000  1.00000e-06     0.163451
       1102.0000  1.00000e-06     0.164948
       1108.0000  1.00000e-06     0.166445
       1114.0000  1.00000e-06     0.167757
       1120.0000  1.00000e-06     0.168970
       1126.0000  1.00000e-06     0.170144
       1132.0000  1.00000e-06     0.171200
       1138.0000  1.00000e-06     0.172256
       1144.0000  1.00000e-06     0.173754
       1150.0000  1.00000e-06     0.175336
       1156.0000  1.00000e-06     0.177122
       1162.0000  1.00000e-06     0.179173
       1168.0000  1.00000e-06     0.181230
       1174.0000  1.00000e-06     0.183467
       1180.0000  1.00000e-06     0.185704
       1186.0000  1.00000e-06     0.188081
       1192.0000  1.00000e-06     0.190543
       1198.0000  1.00000e-06     0.193024
       1204.0000  1.00000e-06     0.195575
       1210.0000  1.00000e-06     0.198127
       1216.0000  1.00000e-06     0.200848
       1222.0000  1.00000e-06     0.203609
       1228.0000  1.00000e-06     0.206313
       1234.0000  1.00000e-06     0.208932
       1240.0000  1.00000e-06     0.211550
       1246.0000  1.00000e-06     0.213433
       1252.0000  1.00000e-06     0.215314
       1258.0000  1.00000e-06     0.216812
       1264.0000  1.00000e-06     0.218046
       1270.0000  1.00000e-06     0.219175
       1276.0000  1.00000e-06     0.219840
       1282.0000  1.00000e-06     0.220506
       1288.0000  1.00000e-06     0.220681
       1294.0000  1.00000e-06     0.220718
       1300.0000  1.00000e-06     0.220634
       1306.0000  1.00000e-06     0.220347
       1312.0000  1.00000e-06     0.220060
       1318.0000  1.00000e-06     0.220023
       1324.0000  1.00000e-06     0.219994
       1330.0000  1.00000e-06     0.220169
       1336.0000  1.00000e-06     0.220502
       1342.0000  1.00000e-06     0.220875
       1348.0000  1.00000e-06     0.221461
       1354.0000  1.00000e-06     0.222047
       1360.0000  1.00000e-06     0.222751
       1366.0000  1.00000e-06     0.223495
       1372.0000  1.00000e-06     0.224360
       1378.0000  1.00000e-06     0.225456
       1384.0000  1.00000e-06     0.226553
       1390.0000  1.00000e-06     0.228125
       1396.0000  1.00000e-06     0.229729
       1402.0000  1.00000e-06     0.231551
       1408.0000  1.00000e-06     0.233563
       1414.0000  1.00000e-06     0.235571
       1420.0000  1.00000e-06     0.237542
       1426.0000  1.00000e-06     0.239513
       1432.0000  1.00000e-06     0.241827
       1438.0000  1.00000e-06     0.244274
       1444.0000  1.00000e-06     0.246778
       1450.0000  1.00000e-06     0.249405
       1456.0000  1.00000e-06     0.252032
       1462.0000  1.00000e-06     0.254875
       1468.0000  1.00000e-06     0.257739
       1474.0000  1.00000e-06     0.260930
       1480.0000  1.00000e-06     0.264445
       1486.0000  1.00000e-06     0.268000
       1492.0000  1.00000e-06     0.271932
       1498.0000  1.00000e-06     0.275864
       1504.0000  1.00000e-06     0.279716
       1510.0000  1.00000e-06     0.283532
       1516.0000  1.00000e-06     0.287110
       1522.0000  1.00000e-06     0.290093
       1528.0000  1.00000e-06     0.293075
       1534.0000  1.00000e-06     0.295254
       1540.0000  1.00000e-06     0.297322
       1546.0000  1.00000e-06     0.299018
       1552.0000  1.00000e-06     0.300298
       1558.0000  1.00000e-06     0.301515
       1564.0000  1.00000e-06     0.301857
       1570.0000  1.00000e-06     0.302198
       1576.0000  1.00000e-06     0.302270
       1582.0000  1.00000e-06     0.302203
       1588.0000  1.00000e-06     0.302023
       1594.0000  1.00000e-06     0.301512
       1600.0000  1.00000e-06     0.301000
       1606.0000  1.00000e-06     0.299802
       1612.0000  1.00000e-06     0.298482
       1618.0000  1.00000e-06     0.297069
       1624.0000  1.00000e-06     0.295539
       1630.0000  1.00000e-06     0.294013
       1636.0000  1.00000e-06     0.292595
       1642.0000  1.00000e-06     0.291177
       1648.0000  1.00000e-06     0.289973
       1654.0000  1.00000e-06     0.288895
       1660.0000  1.00000e-06     0.287980
       1666.0000  1.00000e-06     0.287628
       1672.0000  1.00000e-06     0.287275
       1678.0000  1.00000e-06     0.287478
       1684.0000  1.00000e-06     0.287803
       1690.0000  1.00000e-06     0.288424
       1696.0000  1.00000e-06     0.289465
       1702.0000  1.00000e-06     0.290504
       1708.0000  1.00000e-06     0.291343
       1714.0000  1.00000e-06     0.292182
       1720.0000  1.00000e-06     0.292396
       1726.0000  1.00000e-06     0.292196
       1732.0000  1.00000e-06     0.291816
       1738.0000  1.00000e-06     0.290693
       1744.0000  1.00000e-06     0.289570
       1750.0000  1.00000e-06     0.287527
       1756.0000  1.00000e-06     0.285241
       1762.0000  1.00000e-06     0.282338
       1768.0000  1.00000e-06     0.278446
       1774.0000  1.00000e-06     0.274555
       1780.0000  1.00000e-06     0.269101
       1786.0000  1.00000e-06     0.263612
       1792.0000  1.00000e-06     0.257294
       1798.0000  1.00000e-06     0.250355
       1804.0000  1.00000e-06     0.243183
       1810.0000  1.00000e-06     0.234837
       1816.0000  1.00000e-06     0.226491
       1822.0000  1.00000e-06     0.217350
       1828.0000  1.00000e-06     0.207959
       1834.0000  1.00000e-06     0.198386
       1840.0000  1.00000e-06     0.188484
       1846.0000  1.00000e-06     0.178581
       1852.0000  1.00000e-06     0.168035
       1858.0000  1.00000e-06     0.157454
       1864.0000  1.00000e-06     0.146723
       1870.0000  1.00000e-06     0.135868
       1876.0000  1.00000e-06     0.125062
       1882.0000  1.00000e-06     0.114575
       1888.0000  1.00000e-06     0.104087
       1894.0000  1.00000e-06    0.0942122
       1900.0000  1.00000e-06    0.0845624
       1906.0000  1.00000e-06    0.0753381
       1912.0000  1.00000e-06    0.0669978
       1918.0000  1.00000e-06    0.0586575
       1924.0000  1.00000e-06    0.0518212
       1930.0000  1.00000e-06    0.0451174
       1936.0000  1.00000e-06    0.0393073
       1942.0000  1.00000e-06    0.0343453
       1948.0000  1.00000e-06    0.0295508
       1954.0000  1.00000e-06    0.0261520
       1960.0000  1.00000e-06    0.0227533
       1966.0000  1.00000e-06    0.0202838
       1972.0000  1.00000e-06    0.0182103
       1978.0000  1.00000e-06    0.0164709
       1984.0000  1.00000e-06    0.0155289
       1990.0000  1.00000e-06    0.0145869
       1996.0000  1.00000e-06    0.0144809
       2002.0000  1.00000e-06    0.0144789
       2008.0000  1.00000e-06    0.0150511
       2014.0000  1.00000e-06    0.0162368
       2020.0000  1.00000e-06    0.0175454
       2026.0000  1.00000e-06    0.0203187
       2032.0000  1.00000e-06    0.0230919
       2038.0000  1.00000e-06    0.0271313
       2044.0000  1.00000e-06    0.0317899
       2050.0000  1.00000e-06    0.0370566
       2056.0000  1.00000e-06    0.0440044
       2062.0000  1.00000e-06    0.0509522
       2068.0000  1.00000e-06    0.0603826
       2074.0000  1.00000e-06    0.0702183
       2080.0000  1.00000e-06    0.0815504
       2086.0000  1.00000e-06    0.0946839
       2092.0000  1.00000e-06     0.107969
       2098.0000  1.00000e-06     0.124266
       2104.0000  1.00000e-06     0.140563
       2110.0000  1.00000e-06     0.158323
       2116.0000  1.00000e-06     0.176900
       2122.0000  1.00000e-06     0.195658
       2128.0000  1.00000e-06     0.215007
       2134.0000  1.00000e-06     0.234355
       2140.0000  1.00000e-06     0.253019
       2146.0000  1.00000e-06     0.271543
       2152.0000  1.00000e-06     0.289331
       2158.0000  1.00000e-06     0.306120
       2164.0000  1.00000e-06     0.322866
       2170.0000  1.00000e-06     0.337323
       2176.0000  1.00000e-06     0.351780
       2182.0000  1.00000e-06     0.364491
       2188.0000  1.00000e-06     0.376098
       2194.0000  1.00000e-06     0.387065
       2200.0000  1.00000e-06     0.395575
       2206.0000  1.00000e-06     0.404086
       2212.0000  1.00000e-06     0.410123
       2218.0000  1.00000e-06     0.415543
       2224.0000  1.00000e-06     0.419922
       2230.0000  1.00000e-06     0.422704
       2236.0000  1.00000e-06     0.425485
       2242.0000  1.00000e-06     0.425871
       2248.0000  1.00000e-06     0.426228
       2254.0000  1.00000e-06     0.425381
       2260.0000  1.00000e-06     0.423669
       2266.0000  1.00000e-06     0.421733
       2272.0000  1.00000e-06     0.418748
       2278.0000  1.00000e-06     0.415764
       2284.0000  1.00000e-06     0.412467
       2290.0000  1.00000e-06     0.409078
       2296.0000  1.00000e-06     0.405632
       2302.0000  1.00000e-06     0.402087
       2308.0000  1.00000e-06     0.398542
       2314.0000  1.00000e-06     0.394377
       2320.0000  1.00000e-06     0.390186
       2326.0000  1.00000e-06     0.385134
       2332.0000  1.00000e-06     0.379385
       2338.0000  1.00000e-06     0.373357
       2344.0000  1.00000e-06     0.365708
       2350.0000  1.00000e-06     0.358060
       2356.0000  1.00000e-06     0.349269
       2362.0000  1.00000e-06     0.340080
       2368.0000  1.00000e-06     0.330342
       2374.0000  1.00000e-06     0.319517
       2380.0000  1.00000e-06     0.308691
       2386.0000  1.00000e-06     0.296014
       2392.0000  1.00000e-06     0.283196
       2398.0000  1.00000e-06     0.269456
       2404.0000  1.00000e-06     0.254876
       2410.0000  1.00000e-06     0.240163
       2416.0000  1.00000e-06     0.224452
       2422.0000  1.00000e-06     0.208740
       2428.0000  1.00000e-06     0.192623
       2434.0000  1.00000e-06     0.176341
       2440.0000  1.00000e-06     0.160237
       2446.0000  1.00000e-06     0.144536
       2452.0000  1.00000e-06     0.128836
       2458.0000  1.00000e-06     0.114572
       2464.0000  1.00000e-06     0.100468
       2470.0000  1.00000e-06    0.0875175
       2476.0000  1.00000e-06    0.0757484
       2482.0000  1.00000e-06    0.0642102
       2488.0000  1.00000e-06    0.0550708
       2494.0000  1.00000e-06    0.0459314
       2500.0000  1.00000e-06    0.0384657
       2506.0000  1.00000e-06    0.0317808
       2512.0000  1.00000e-06    0.0256838
       2518.0000  1.00000e-06    0.0211290
       2524.0000  1.00000e-06    0.0165742
       2530.0000  1.00000e-06    0.0135657
       2536.0000  1.00000e-06    0.0107881
       2542.0000  1.00000e-06   0.00859461
       2548.0000  1.00000e-06   0.00707553
       2554.0000  1.00000e-06   0.00560171
       2560.0000  1.00000e-06   0.00486063
       2566.0000  1.00000e-06   0.00411954
       2572.0000  1.00000e-06   0.00364023
       2578.0000  1.00000e-06   0.00330046
       2584.0000  1.00000e-06   0.00301096
       2590.0000  1.00000e-06   0.00287520
       2596.0000  1.00000e-06   0.00273945
       2602.0000  1.00000e-06   0.00270737
       2608.0000  1.00000e-06   0.00269497
       2614.0000  0.000540981   0.00270407
       2620.0000     0.337162   0.00274112
       2626.0000     0.919274   0.00277855
       2632.0000      1.22399   0.00282853
       2638.0000      1.37089   0.00287852
       2644.0000      1.55420   0.00291975
       2650.0000      1.81393   0.00295569
       2656.0000      2.23842   0.00298133
       2662.0000      2.81464   0.00296980
       2668.0000      3.12723   0.00295827
       2674.0000      3.09910   0.00295544
       2680.0000      2.72120   0.00295463
       2686.0000      2.24320   0.00295151
       2692.0000      1.82906   0.00294499
       2698.0000      1.75665   0.00293847
       2704.0000      2.06438   0.00290107
       2710.0000      2.48707   0.00286363
       2716.0000      2.76137   0.00281814
       2722.0000      2.74955   0.00276711
       2728.0000      2.53622   0.00272012
       2734.0000      2.26998   0.00269062
       2740.0000      1.85719   0.00266111
       2746.0000      1.70118   0.00264125
       2752.0000      1.85692   0.00262409
       2758.0000      2.00500   0.00260915
       2764.0000      1.69310   0.00259789
       2770.0000      1.19081   0.00258663
       2776.0000     0.886702   0.00254819
       2782.0000      1.14529   0.00250889
       2788.0000      2.01259   0.00247894
       2794.0000      3.38203   0.00245622
       2800.0000      4.72671   0.00243334
       2806.0000      5.95895   0.00240960
       2812.0000      6.67211   0.00238586
       2818.0000      6.43969   0.00237646
       2824.0000      5.79666   0.00237180
       2830.0000      5.51506   0.00236776
       2836.0000      5.71699   0.00236487
       2842.0000      5.88919   0.00236199
       2848.0000      5.84362   0.00234215
       2854.0000      5.67545   0.00232123
       2860.0000      5.44073   0.00229879
       2866.0000      4.96021   0.00227502
       2872.0000      4.43210   0.00224864
       2878.0000      4.51841   0.00220442
       2884.0000      5.32880   0.00216020
       2890.0000      6.45345   0.00209364
       2896.0000      7.66956   0.00201847
       2902.0000      9.22777   0.00194160
       2908.0000      10.9752   0.00186108
       2914.0000      12.6633   0.00178056
       2920.0000      14.1991   0.00170144
       2926.0000      15.8743   0.00162246
       2932.0000      18.1058   0.00154415
       2938.0000      20.9180   0.00146650
       2944.0000      24.0968   0.00138995
       2950.0000      27.5589   0.00132351
       2956.0000      31.0493   0.00125706
       2962.0000      34.0005   0.00119677
       2968.0000      35.8421   0.00113921
       2974.0000      36.4550   0.00108523
       2980.0000      35.9250   0.00104017
       2986.0000      34.6237  0.000995107
       2992.0000      33.2796  0.000968418
       2998.0000      31.6868  0.000944226
       3004.0000      29.4100  0.000924801
       3010.0000      26.1534  0.000910656
       3016.0000      22.0795  0.000896141
       3022.0000      17.6758  0.000876602
       3028.0000      13.4996  0.000857062
       3034.0000      10.0293  0.000838043
       3040.0000      7.73514  0.000819289
       3046.0000      7.14277  0.000801914
       3052.0000      7.63971  0.000788534
       3058.0000      7.43145  0.000775154
       3064.0000      6.29119  0.000756881
       3070.0000      4.82972  0.000737751
       3076.0000      3.51111  0.000715616
       3082.0000      2.31101  0.000689732
       3088.0000      1.30997  0.000663732
       3094.0000      1.20874  0.000634856
       3100.0000      2.06278  0.000605980
       3106.0000      3.01980  0.000576577
       3112.0000      2.59630  0.000546867
       3118.0000      1.10173  0.000515419
       3124.0000  1.00000e-06  0.000478053
       3130.0000  1.00000e-06  0.000440686
       3136.0000  1.00000e-06  0.000408837
       3142.0000  1.00000e-06  0.000378189
       3148.0000  1.00000e-06  0.000351702
       3154.0000  1.00000e-06  0.000331074
       3160.0000  1.00000e-06  0.000310471
       3166.0000  1.00000e-06  0.000292576
       3172.0000  1.00000e-06  0.000274680
       3178.0000  1.00000e-06  0.000259662
       3184.0000  1.00000e-06  0.000246536
       3190.0000  1.00000e-06  0.000234918
       3196.0000  1.00000e-06  0.000229434
       3202.0000  1.00000e-06  0.000223949
       3208.0000  1.00000e-06  0.000225639
       3214.0000  1.00000e-06  0.000229218
       3220.0000  1.00000e-06  0.000232820
       3226.0000  1.00000e-06  0.000236460
       3232.0000  1.00000e-06  0.000240100
       3238.0000  1.00000e-06  0.000240303
       3244.0000  1.00000e-06  0.000240434
       3250.0000     0.448479  0.000238965
       3256.0000      1.50120  0.000236308
       3262.0000      2.66782  0.000233478
       3268.0000      3.70681  0.000229794
       3274.0000      4.72669  0.000226110
       3280.0000      5.52377  0.000225391
       3286.0000      6.01515  0.000225599
       3292.0000      5.74555  0.000224163
       3298.0000      4.48690  0.000219752
       3304.0000      2.36499  0.000215341
       3310.0000     0.399133  0.000211764
       3316.0000  1.00000e-06  0.000208232
       3322.0000  1.00000e-06  0.000205820
       3328.0000  1.00000e-06  0.000204348
       3334.0000  1.00000e-06  0.000202874
       3340.0000  1.00000e-06  0.000201389
       3346.0000  1.00000e-06  0.000199904
       3352.0000  1.00000e-06  0.000201726
       3358.0000  1.00000e-06  0.000204758
       3364.0000  1.00000e-06  0.000207568
       3370.0000  1.00000e-06  0.000209921
       3376.0000     0.183705  0.000212274
       3382.0000     0.947965  0.000201775
       3388.0000      1.97951  0.000190163
       3394.0000      3.70896  0.000176060
       3400.0000      5.08523  0.000159605
       3406.0000      4.67576  0.000144002
       3412.0000      3.34466  0.000135402
       3418.0000      2.31559  0.000126802
       3424.0000      1.24277  0.000126370
       3430.0000     0.109229  0.000129396
       3436.0000  1.00000e-06  0.000133465
       3442.0000  1.00000e-06  0.000140009
       3448.0000     0.810420  0.000146553
       3454.0000      1.32114  0.000154029
       3460.0000     0.962712  0.000161619
       3466.0000     0.467840  0.000168886
       3472.0000     0.646409  0.000175810
       3478.0000      1.27013  0.000182611
       3484.0000      1.25332  0.000187979
       3490.0000     0.574906  0.000193346
       3496.0000  1.00000e-06  0.000198021
       3502.0000  1.00000e-06  0.000202359
       3508.0000  1.00000e-06  0.000206354
       3514.0000  1.00000e-06  0.000209407
       3520.0000  1.00000e-06  0.000212461
       3526.0000  1.00000e-06  0.000206615
       3532.0000  1.00000e-06  0.000199334
       3538.0000  1.00000e-06  0.000190938
       3544.0000  1.00000e-06  0.000181209
       3550.0000  1.00000e-06  0.000171672
       3556.0000  1.00000e-06  0.000165845
       3562.0000  1.00000e-06  0.000160019
       3568.0000  1.00000e-06  0.000154065
       3574.0000  1.00000e-06  0.000148040
       3580.0000  1.00000e-06  0.000143407
       3586.0000  1.00000e-06  0.000143246
       3592.0000  1.00000e-06  0.000143084
       3598.0000  1.00000e-06  0.000144387
       3604.0000  1.00000e-06  0.000145988
       3610.0000  1.00000e-06  0.000148775
       3616.0000  1.00000e-06  0.000153164
       3622.0000  1.00000e-06  0.000157466
       3628.0000  1.00000e-06  0.000157419
       3634.0000  1.00000e-06  0.000157372
       3640.0000  1.00000e-06  0.000150758
       3646.0000  1.00000e-06  0.000140010
       3652.0000  1.00000e-06  0.000130735
       3658.0000  1.00000e-06  0.000127075
       3664.0000  1.00000e-06  0.000123415
       3670.0000  1.00000e-06  0.000119488
       3676.0000  1.00000e-06  0.000115496
       3682.0000  1.00000e-06  0.000109039
       3688.0000  1.00000e-06  9.88245e-05
       3694.0000  1.00000e-06  8.86097e-05
       3700.0000  1.00000e-06  8.33870e-05
       3706.0000  1.00000e-06  7.82148e-05
       3712.0000  1.00000e-06  7.28552e-05
       3718.0000  1.00000e-06  6.73620e-05
       3724.0000  1.00000e-06  6.24786e-05
       3730.0000  1.00000e-06  6.04078e-05
       3736.0000  1.00000e-06  5.83370e-05
       3742.0000  1.00000e-06  5.49649e-05
       3748.0000  1.00000e-06  5.12090e-05
       3754.0000  1.00000e-06  4.68931e-05
       3760.0000  1.00000e-06  4.16085e-05
       3766.0000  1.00000e-06  3.63239e-05
       3772.0000  1.00000e-06  3.18543e-05
       3778.0000  1.00000e-06  2.74184e-05
       3784.0000  1.00000e-06  2.14930e-05
       3790.0000  1.00000e-06  1.43707e-05
       3796.0000  1.00000e-06  7.85672e-06
       3802.0000  1.00000e-06  4.83033e-06
       3808.0000  1.00000e-06  1.80395e-06
       3814.0000  1.00000e-06  1.01724e-06
       3820.0000  1.00000e-06  1.00687e-06
       3826.0000  1.00000e-06  1.00000e-06
       3832.0000  1.00000e-06  1.00000e-06
       3838.0000  1.00000e-06  1.00000e-06
       3844.0000  1.00000e-06  1.00000e-06
       3850.0000  1.00000e-06  1.00000e-06
       3856.0000  1.00000e-06  1.00000e-06
       3862.0000  1.00000e-06  1.00000e-06
       3868.0000  1.00000e-06  1.00000e-06
       3874.0000  1.00000e-06  1.00000e-06
       3880.0000  1.00000e-06  1.00000e-06
       3886.0000  1.00000e-06  1.00000e-06
       3892.0000  1.00000e-06  1.00000e-06
       3898.0000  1.00000e-06  1.00000e-06
       3904.0000  1.00000e-06  1.00000e-06
       3910.0000  1.00000e-06  1.00000e-06
       3916.0000  1.00000e-06  1.00000e-06
       3922.0000  1.00000e-06  1.00000e-06
       3928.0000  1.00000e-06  1.00000e-06
       3934.0000  1.00000e-06  1.00000e-06
       3940.0000  1.00000e-06  1.00000e-06
       3946.0000  1.00000e-06  1.00000e-06
       3952.0000  1.00000e-06  1.00000e-06
       3958.0000  1.00000e-06  1.00000e-06
       3964.0000  1.00000e-06  1.00000e-06
       3970.0000  1.00000e-06  1.00000e-06
       3976.0000  1.00000e-06  1.00000e-06
       3982.0000  1.00000e-06  1.00000e-06
       3988.0000  1.00000e-06  1.00000e-06
       3994.0000  1.00000e-06  1.00000e-06
       4000.0000  1.00000e-06  1.00000e-06
       4006.0000  1.00000e-06  1.00000e-06
       4012.0000  1.00000e-06  1.00000e-06
       4018.0000  1.00000e-06  1.00000e-06
       4024.0000  1.00000e-06  1.00000e-06
       4030.0000  1.00000e-06  1.00000e-06
       4036.0000  1.00000e-06  1.00000e-06
       4042.0000  1.00000e-06  1.00000e-06
       4048.0000  1.00000e-06  1.00000e-06
       4054.0000  1.00000e-06  1.00000e-06
       4060.0000  1.00000e-06  1.00000e-06
       4066.0000  1.00000e-06  1.00000e-06
       4072.0000  1.00000e-06  1.00000e-06
       4078.0000  1.00000e-06  1.00000e-06
       4084.0000  1.00000e-06  1.00000e-06
       4090.0000  1.00000e-06  1.00000e-06
       4096.0000  1.00000e-06  1.00000e-06
       4102.0000  1.00000e-06  1.00000e-06
       4108.0000  1.00000e-06  1.00000e-06
       4114.0000  1.00000e-06  1.00000e-06
       4120.0000  1.00000e-06  1.00000e-06
       4126.0000  1.00000e-06  1.00000e-06
       4132.0000  1.00000e-06  1.00000e-06
       4138.0000  1.00000e-06  1.00000e-06
       4144.0000  1.00000e-06  1.00000e-06
       4150.0000  1.00000e-06  1.00000e-06
       4156.0000  1.00000e-06  1.00000e-06
       4162.0000  1.00000e-06  1.00000e-06
       4168.0000  1.00000e-06  1.00000e-06
       4174.0000  1.00000e-06  1.00000e-06
       4180.0000  1.00000e-06  1.00000e-06
       4186.0000  1.00000e-06  1.00000e-06
       4192.0000  1.00000e-06  1.00000e-06
       4198.0000  1.00000e-06  1.00000e-06
       4204.0000  1.00000e-06  1.00000e-06
       4210.0000  1.00000e-06  1.00000e-06
       4216.0000  1.00000e-06  1.00000e-06
       4222.0000  1.00000e-06  1.00000e-06
       4228.0000  1.00000e-06  1.00000e-06
       4234.0000  1.00000e-06  1.00000e-06
       4240.0000  1.00000e-06  1.00000e-06
       4246.0000  1.00000e-06  1.00000e-06
       4252.0000  1.00000e-06  1.00000e-06
       4258.0000  1.00000e-06  1.00000e-06
       4264.0000  1.00000e-06  1.00000e-06
       4270.0000  1.00000e-06  1.00000e-06
       4276.0000  1.00000e-06  1.00000e-06
       4282.0000  1.00000e-06  1.00000e-06
       4288.0000  1.00000e-06  1.00000e-06
       4294.0000  1.00000e-06  1.00000e-06
       4300.0000  1.00000e-06  1.00000e-06
       4306.0000  1.00000e-06  1.00000e-06
       4312.0000  1.00000e-06  1.00000e-06
       4318.0000  1.00000e-06  1.00000e-06
       4324.0000  1.00000e-06  1.00000e-06
       4330.0000  1.00000e-06  1.00000e-06
       4336.0000  1.00000e-06  1.00000e-06
       4342.0000  1.00000e-06  1.00000e-06
       4348.0000  1.00000e-06  1.00000e-06
       4354.0000  1.00000e-06  1.00000e-06
       4360.0000  1.00000e-06  1.00000e-06
       4366.0000  1.00000e-06  1.00000e-06
       4372.0000  1.00000e-06  1.00000e-06
       4378.0000  1.00000e-06  1.00000e-06
       4384.0000  1.00000e-06  1.00000e-06
       4390.0000  1.00000e-06  1.00000e-06
       4396.0000  1.00000e-06  1.00000e-06
       4402.0000  1.00000e-06  1.00000e-06
       4408.0000  1.00000e-06  1.00000e-06
       4414.0000  1.00000e-06  1.00000e-06
       4420.0000  1.00000e-06  1.00000e-06
       4426.0000  1.00000e-06  1.00000e-06
       4432.0000  1.00000e-06  1.00000e-06
       4438.0000  1.00000e-06  1.00000e-06
       4444.0000  1.00000e-06  1.00000e-06
       4450.0000  1.00000e-06  1.00000e-06
       4456.0000  1.00000e-06  1.00000e-06
       4462.0000  1.00000e-06  1.00000e-06
       4468.0000  1.00000e-06  1.00000e-06
       4474.0000  1.00000e-06  1.00000e-06
       4480.0000  1.00000e-06  1.00000e-06
       4486.0000  1.00000e-06  1.00000e-06
       4492.0000  1.00000e-06  1.00000e-06
       4498.0000  1.00000e-06  1.00000e-06
       4504.0000  1.00000e-06  1.00000e-06
       4510.0000  1.00000e-06  1.00000e-06
       4516.0000  1.00000e-06  1.00000e-06
       4522.0000  1.00000e-06  1.00000e-06
       4528.0000  1.00000e-06  1.00000e-06
       4534.0000  1.00000e-06  1.00000e-06
       4540.0000  1.00000e-06  1.00000e-06
       4546.0000  1.00000e-06  1.00000e-06
       4552.0000  1.00000e-06  1.00000e-06
       4558.0000  1.00000e-06  1.00000e-06
       4564.0000  1.00000e-06  1.00000e-06
       4570.0000  1.00000e-06  1.00000e-06
       4576.0000  1.00000e-06  1.00000e-06
       4582.0000  1.00000e-06  1.00000e-06
       4588.0000  1.00000e-06  1.00000e-06
       4594.0000  1.00000e-06  1.00000e-06
       4600.0000  1.00000e-06  1.00000e-06
       4606.0000  1.00000e-06  1.00000e-06
       4612.0000  1.00000e-06  1.00000e-06
       4618.0000  1.00000e-06  1.00000e-06
       4624.0000  1.00000e-06  1.00000e-06
       4630.0000  1.00000e-06  1.00000e-06
       4636.0000  1.00000e-06  1.00000e-06
       4642.0000  1.00000e-06  1.00000e-06
       4648.0000  1.00000e-06  1.00000e-06
       4654.0000  1.00000e-06  1.00000e-06
       4660.0000  1.00000e-06  1.00000e-06
       4666.0000  1.00000e-06  1.00000e-06
       4672.0000  1.00000e-06  1.00000e-06
       4678.0000  1.00000e-06  1.00000e-06
       4684.0000  1.00000e-06  1.00000e-06
       4690.0000  1.00000e-06  1.00000e-06
       4696.0000  1.00000e-06  1.00000e-06
       4702.0000  1.00000e-06  1.00000e-06
       4708.0000  1.00000e-06  1.00000e-06
       4714.0000  1.00000e-06  1.00000e-06
       4720.0000  1.00000e-06  1.00000e-06
       4726.0000  1.00000e-06  1.00000e-06
       4732.0000  1.00000e-06  1.00000e-06
       4738.0000  1.00000e-06  1.00000e-06
       4744.0000  1.00000e-06  1.00000e-06
       4750.0000  1.00000e-06  1.00000e-06
       4756.0000  1.00000e-06  1.00000e-06
       4762.0000  1.00000e-06  1.00000e-06
       4768.0000  1.00000e-06  1.00000e-06
       4774.0000  1.00000e-06  1.00000e-06
       4780.0000  1.00000e-06  1.00000e-06
       4786.0000  1.00000e-06  1.00000e-06
       4792.0000  1.00000e-06  1.00000e-06
       4798.0000  1.00000e-06  1.00000e-06
       4804.0000  1.00000e-06  1.00000e-06
       4810.0000  1.00000e-06  1.00000e-06
       4816.0000  1.00000e-06  1.00000e-06
       4822.0000  1.00000e-06  1.00000e-06
       4828.0000  1.00000e-06  1.00000e-06
       4834.0000  1.00000e-06  1.00000e-06
       4840.0000  1.00000e-06  1.00000e-06
       4846.0000  1.00000e-06  1.00000e-06
       4852.0000  1.00000e-06  1.00000e-06
       4858.0000  1.00000e-06  1.00000e-06
       4864.0000  1.00000e-06  1.00000e-06
       4870.0000  1.00000e-06  1.00000e-06
       4876.0000  1.00000e-06  1.00000e-06
       4882.0000  1.00000e-06  1.00000e-06
       4888.0000  1.00000e-06  1.00000e-06
       4894.0000  1.00000e-06  1.00000e-06
       4900.0000  1.00000e-06  1.00000e-06
       4906.0000  1.00000e-06  1.00000e-06
       4912.0000  1.00000e-06  1.00000e-06
       4918.0000  1.00000e-06  1.00000e-06
       4924.0000  1.00000e-06  1.00000e-06
       4930.0000  1.00000e-06  1.00000e-06
       4936.0000  1.00000e-06  1.00000e-06
       4942.0000  1.00000e-06  1.00000e-06
       4948.0000  1.00000e-06  1.00000e-06
       4954.0000  1.00000e-06  1.00000e-06
       4960.0000  1.00000e-06  1.00000e-06
       4966.0000  1.00000e-06  1.00000e-06
       4972.0000  1.00000e-06  1.00000e-06
       4978.0000  1.00000e-06  1.00000e-06
       4984.0000  1.00000e-06  1.00000e-06
       4990.0000  1.00000e-06  1.00000e-06
       4996.0000  1.00000e-06  1.00000e-06
       5002.0000  1.00000e-06  1.00000e-06
       5008.0000  1.00000e-06  1.14388e-06
       5014.0000  1.00000e-06  3.98638e-06
       5020.0000  1.00000e-06  6.82889e-06
       5026.0000  1.00000e-06  9.03669e-06
       5032.0000  1.00000e-06  1.08947e-05
       5038.0000  1.00000e-06  1.31068e-05
       5044.0000  1.00000e-06  1.64480e-05
       5050.0000  1.00000e-06  1.97892e-05
       5056.0000  1.00000e-06  2.32846e-05
       5062.0000  1.00000e-06  2.68110e-05
       5068.0000  1.00000e-06  2.86827e-05
       5074.0000  1.00000e-06  2.83332e-05
       5080.0000  1.00000e-06  2.79098e-05
       5086.0000  1.00000e-06  2.40383e-05
       5092.0000  1.00000e-06  2.01668e-05
       5098.0000  1.00000e-06  1.82247e-05
       5104.0000  1.00000e-06  1.74900e-05
       5110.0000  1.00000e-06  1.78828e-05
       5116.0000  1.00000e-06  2.25388e-05
       5122.0000  1.00000e-06  2.71949e-05
       5128.0000  1.00000e-06  3.37936e-05
       5134.0000  1.00000e-06  4.08683e-05
       5140.0000  1.00000e-06  4.69625e-05
       5146.0000  1.00000e-06  5.15692e-05
       5152.0000  1.00000e-06  5.61760e-05
       5158.0000  1.00000e-06  5.98661e-05
       5164.0000  1.00000e-06  6.35483e-05
       5170.0000  1.00000e-06  6.85633e-05
       5176.0000  1.00000e-06  7.45222e-05
       5182.0000  1.00000e-06  7.96270e-05
       5188.0000  1.00000e-06  8.08284e-05
       5194.0000  1.00000e-06  8.20298e-05
       5200.0000  1.00000e-06  8.23188e-05
       5206.0000  1.00000e-06  8.23407e-05
       5212.0000  1.00000e-06  8.30990e-05
       5218.0000  1.00000e-06  8.51235e-05
       5224.0000  1.00000e-06  8.71480e-05
       5230.0000  1.00000e-06  8.85225e-05
       5236.0000  1.00000e-06  8.98712e-05
       5242.0000  1.00000e-06  9.20392e-05
       5248.0000  1.00000e-06  9.48619e-05
       5254.0000  1.00000e-06  9.64760e-05
       5260.0000  1.00000e-06  9.12361e-05
       5266.0000  1.00000e-06  8.59961e-05
       5272.0000  1.00000e-06  8.21943e-05
       5278.0000  1.00000e-06  7.88874e-05
       5284.0000  1.00000e-06  7.60710e-05
       5290.0000  1.00000e-06  7.42148e-05
       5296.0000  1.00000e-06  7.23587e-05
       5302.0000  1.00000e-06  7.37515e-05
       5308.0000  1.00000e-06  7.53808e-05
       5314.0000  1.00000e-06  7.78728e-05
       5320.0000  1.00000e-06  8.11417e-05
       5326.0000  1.00000e-06  8.41321e-05
       5332.0000  1.00000e-06  8.50837e-05
       5338.0000  1.00000e-06  8.60352e-05
       5344.0000  1.00000e-06  8.42209e-05
       5350.0000  1.00000e-06  8.13001e-05
       5356.0000  1.00000e-06  7.80644e-05
       5362.0000  1.00000e-06  7.41220e-05
       5368.0000  1.00000e-06  7.01797e-05
       5374.0000  1.00000e-06  7.07215e-05
       5380.0000  1.00000e-06  7.17482e-05
       5386.0000  1.00000e-06  7.04416e-05
       5392.0000  1.00000e-06  6.67688e-05
       5398.0000  1.00000e-06  6.32481e-05
       5404.0000  1.00000e-06  6.12529e-05
       5410.0000  1.00000e-06  5.92577e-05
       5416.0000  1.00000e-06  6.31489e-05
       5422.0000  1.00000e-06  6.97512e-05
       5428.0000  1.00000e-06  7.43503e-05
       5434.0000  1.00000e-06  7.37656e-05
       5440.0000  1.00000e-06  7.31809e-05
       5446.0000  1.00000e-06  7.40882e-05
       5452.0000  1.00000e-06  7.52129e-05
       5458.0000  1.00000e-06  7.52336e-05
       5464.0000  1.00000e-06  7.39937e-05
       5470.0000  1.00000e-06  7.31709e-05
       5476.0000  1.00000e-06  7.87742e-05
       5482.0000  1.00000e-06  8.43775e-05
       5488.0000  1.00000e-06  8.89386e-05
       5494.0000  1.00000e-06  9.29508e-05
