      -500.00000  1.00000e-06  9.01056e-05
      -494.00000  1.00000e-06  9.21516e-05
      -488.00000  1.00000e-06  8.94671e-05
      -482.00000  1.00000e-06  8.67826e-05
      -476.00000  1.00000e-06  9.19232e-05
      -470.00000  1.00000e-06  9.78291e-05
      -464.00000  1.00000e-06  0.000104630
      -458.00000  1.00000e-06  0.000112297
      -452.00000  1.00000e-06  0.000119635
      -446.00000  1.00000e-06  0.000124205
      -440.00000  1.00000e-06  0.000128775
      -434.00000  1.00000e-06  0.000127687
      -428.00000  1.00000e-06  0.000124211
      -422.00000  1.00000e-06  0.000118388
      -416.00000  1.00000e-06  0.000107108
      -410.00000  1.00000e-06  9.58287e-05
      -404.00000  1.00000e-06  9.32817e-05
      -398.00000  1.00000e-06  9.17235e-05
      -392.00000  1.00000e-06  9.17768e-05
      -386.00000  1.00000e-06  9.34691e-05
      -380.00000  1.00000e-06  9.49917e-05
      -374.00000  1.00000e-06  9.48637e-05
      -368.00000  1.00000e-06  9.47356e-05
      -362.00000  1.00000e-06  9.27025e-05
      -356.00000  1.00000e-06  8.98163e-05
      -350.00000  1.00000e-06  8.79198e-05
      -344.00000  1.00000e-06  8.84676e-05
      -338.00000  1.00000e-06  8.90155e-05
      -332.00000  1.00000e-06  8.69035e-05
      -326.00000  1.00000e-06  8.44482e-05
      -320.00000  1.00000e-06  8.43905e-05
      -314.00000  1.00000e-06  8.68974e-05
      -308.00000  1.00000e-06  8.93854e-05
      -302.00000  1.00000e-06  9.16592e-05
      -296.00000  1.00000e-06  9.39329e-05
      -290.00000  1.00000e-06  9.91971e-05
      -284.00000  1.00000e-06  0.000105881
      -278.00000  1.00000e-06  0.000111580
      -272.00000  1.00000e-06  0.000114694
      -266.00000  1.00000e-06  0.000117807
      -260.00000  1.00000e-06  0.000116029
      -254.00000  1.00000e-06  0.000113540
      -248.00000  1.00000e-06  0.000108498
      -242.00000  1.00000e-06  0.000100584
      -236.00000  1.00000e-06  9.30755e-05
      -230.00000  1.00000e-06  9.11150e-05
      -224.00000  1.00000e-06  8.91544e-05
      -218.00000  1.00000e-06  9.42932e-05
      -212.00000  1.00000e-06  0.000103000
      -206.00000  1.00000e-06  0.000110679
      -200.00000  1.00000e-06  0.000115478
      -194.00000  1.00000e-06  0.000120277
      -188.00000  1.00000e-06  0.000123720
      -182.00000  1.00000e-06  0.000126943
      -176.00000  1.00000e-06  0.000129731
      -170.00000  1.00000e-06  0.000132004
      -164.00000  1.00000e-06  0.000134279
      -158.00000  1.00000e-06  0.000136587
      -152.00000  1.00000e-06  0.000138895
      -146.00000  1.00000e-06  0.000146604
      -140.00000  1.00000e-06  0.000157183
      -134.00000  1.00000e-06  0.000169000
      -128.00000  1.00000e-06  0.000184523
      -122.00000  1.00000e-06  0.000200047
      -116.00000  1.00000e-06  0.000218011
      -110.00000  1.00000e-06  0.000236412
      -104.00000  1.00000e-06  0.000256418
      -98.000000  1.00000e-06  0.000278421
      -92.000000  1.00000e-06  0.000300317
      -86.000000  1.00000e-06  0.000319823
      -80.000000  1.00000e-06  0.000339330
      -74.000000  1.00000e-06  0.000367170
      -68.000000  1.00000e-06  0.000399692
      -62.000000  1.00000e-06  0.000443272
      -56.000000  1.00000e-06  0.000522299
      -50.000000  1.00000e-06  0.000601325
      -44.000000  1.00000e-06  0.000854493
      -38.000000  1.00000e-06   0.00114201
      -32.000000  1.00000e-06   0.00167514
      -26.000000  1.00000e-06   0.00253024
      -20.000000  1.00000e-06   0.00342527
      -14.000000  1.00000e-06   0.00560211
      -8.0000000  1.00000e-06   0.00777895
      -2.0000000  1.00000e-06    0.0116167
       4.0000000  1.00000e-06    0.0164397
       10.000000  1.00000e-06    0.0222058
       16.000000  1.00000e-06    0.0312171
       22.000000  1.00000e-06    0.0402284
       28.000000  1.00000e-06    0.0532428
       34.000000  1.00000e-06    0.0671202
       40.000000  1.00000e-06    0.0826115
       46.000000  1.00000e-06     0.100330
       52.000000  1.00000e-06     0.118066
       58.000000  1.00000e-06     0.136751
       64.000000  1.00000e-06     0.155437
       70.000000  1.00000e-06     0.172308
       76.000000  1.00000e-06     0.188045
       82.000000  1.00000e-06     0.202393
       88.000000  1.00000e-06     0.211597
       94.000000  1.00000e-06     0.220801
       100.00000  1.00000e-06     0.223278
       106.00000  1.00000e-06     0.224176
       112.00000  1.00000e-06     0.221629
       118.00000  1.00000e-06     0.214074
       124.00000  1.00000e-06     0.206487
       130.00000  1.00000e-06     0.192491
       136.00000  1.00000e-06     0.178495
       142.00000  1.00000e-06     0.162632
       148.00000  1.00000e-06     0.145536
       154.00000  1.00000e-06     0.128495
       160.00000  1.00000e-06     0.111671
       166.00000  1.00000e-06    0.0948478
       172.00000  1.00000e-06    0.0802793
       178.00000  1.00000e-06    0.0662837
       184.00000  1.00000e-06    0.0538283
       190.00000  1.00000e-06    0.0437329
       196.00000  1.00000e-06    0.0336374
       202.00000  1.00000e-06    0.0273599
       208.00000  1.00000e-06    0.0211117
       214.00000  1.00000e-06    0.0166272
       220.00000  1.00000e-06    0.0133689
       226.00000  1.00000e-06    0.0104709
       232.00000  1.00000e-06   0.00913565
       238.00000  1.00000e-06   0.00780039
       244.00000  1.00000e-06   0.00735934
       250.00000  1.00000e-06   0.00716344
       256.00000  1.00000e-06   0.00720267
       262.00000  1.00000e-06   0.00762178
       268.00000  1.00000e-06   0.00804090
       274.00000  1.00000e-06   0.00886524
       280.00000  1.00000e-06   0.00969796
       286.00000  1.00000e-06    0.0107605
       292.00000  1.00000e-06    0.0119915
       298.00000  1.00000e-06    0.0132719
       304.00000  1.00000e-06    0.0147859
       310.00000  1.00000e-06    0.0163000
       316.00000  1.00000e-06    0.0180006
       322.00000  1.00000e-06    0.0197563
       328.00000  1.00000e-06    0.0215610
       334.00000  1.00000e-06    0.0234491
       340.00000  1.00000e-06    0.0253373
       346.00000  1.00000e-06    0.0272293
       352.00000  1.00000e-06    0.0291215
       358.00000  1.00000e-06    0.0308316
       364.00000  1.00000e-06    0.0324013
       370.00000  1.00000e-06    0.0338806
       376.00000  1.00000e-06    0.0348928
       382.00000  1.00000e-06    0.0359051
       388.00000  1.00000e-06    0.0363579
       394.00000  1.00000e-06    0.0366336
       400.00000  1.00000e-06    0.0367176
       406.00000  1.00000e-06    0.0364561
       412.00000  1.00000e-06    0.0361946
       418.00000  1.00000e-06    0.0357463
       424.00000  1.00000e-06    0.0352890
       430.00000  1.00000e-06    0.0347953
       436.00000  1.00000e-06    0.0342719
       442.00000  1.00000e-06    0.0337505
       448.00000  1.00000e-06    0.0332408
       454.00000  1.00000e-06    0.0327310
       460.00000  1.00000e-06    0.0322775
       466.00000  1.00000e-06    0.0318431
       472.00000  1.00000e-06    0.0314823
       478.00000  1.00000e-06    0.0312617
       484.00000  1.00000e-06    0.0310410
       490.00000  1.00000e-06    0.0311463
       496.00000  1.00000e-06    0.0312716
       502.00000  1.00000e-06    0.0316223
       508.00000  1.00000e-06    0.0321654
       514.00000  1.00000e-06    0.0327409
       520.00000  1.00000e-06    0.0335213
       526.00000  1.00000e-06    0.0343017
       532.00000  1.00000e-06    0.0352462
       538.00000  1.00000e-06    0.0362500
       544.00000  1.00000e-06    0.0372888
       550.00000  1.00000e-06    0.0383981
       556.00000  1.00000e-06    0.0395074
       562.00000  1.00000e-06    0.0404404
       568.00000  1.00000e-06    0.0413601
       574.00000  1.00000e-06    0.0422541
       580.00000  1.00000e-06    0.0431251
       586.00000  1.00000e-06    0.0440240
       592.00000  1.00000e-06    0.0451194
       598.00000  1.00000e-06    0.0462148
       604.00000  1.00000e-06    0.0474077
       610.00000  1.00000e-06    0.0486383
       616.00000  1.00000e-06    0.0499090
       622.00000  1.00000e-06    0.0512652
       628.00000  1.00000e-06    0.0526215
       634.00000  1.00000e-06    0.0540033
       640.00000  1.00000e-06    0.0553874
       646.00000  1.00000e-06    0.0567654
       652.00000  1.00000e-06    0.0581375
       658.00000  1.00000e-06    0.0595017
       664.00000  1.00000e-06    0.0608032
       670.00000  1.00000e-06    0.0621046
       676.00000  1.00000e-06    0.0633115
       682.00000  1.00000e-06    0.0644796
       688.00000  1.00000e-06    0.0655592
       694.00000  1.00000e-06    0.0664388
       700.00000  1.00000e-06    0.0673184
       706.00000  1.00000e-06    0.0680537
       712.00000  1.00000e-06    0.0687738
       718.00000  1.00000e-06    0.0696714
       724.00000  1.00000e-06    0.0707453
       730.00000  1.00000e-06    0.0718678
       736.00000  1.00000e-06    0.0734313
       742.00000  1.00000e-06    0.0749947
       748.00000  1.00000e-06    0.0767298
       754.00000  1.00000e-06    0.0785397
       760.00000  1.00000e-06    0.0803277
       766.00000  1.00000e-06    0.0820631
       772.00000  1.00000e-06    0.0837986
       778.00000  1.00000e-06    0.0853234
       784.00000  1.00000e-06    0.0868226
       790.00000  1.00000e-06    0.0883012
       796.00000  1.00000e-06    0.0897583
       802.00000  1.00000e-06    0.0912204
       808.00000  1.00000e-06    0.0927360
       814.00000  1.00000e-06    0.0942516
       820.00000  1.00000e-06    0.0958849
       826.00000  1.00000e-06    0.0975724
       832.00000  1.00000e-06    0.0992977
       838.00000  1.00000e-06     0.101119
       844.00000  1.00000e-06     0.102940
       850.00000  1.00000e-06     0.104746
       856.00000  1.00000e-06     0.106550
       862.00000  1.00000e-06     0.108327
       868.00000  1.00000e-06     0.110074
       874.00000  1.00000e-06     0.111840
       880.00000  1.00000e-06     0.113833
       886.00000  1.00000e-06     0.115827
       892.00000  1.00000e-06     0.118087
       898.00000  1.00000e-06     0.120478
       904.00000  1.00000e-06     0.122901
       910.00000  1.00000e-06     0.125412
       916.00000  1.00000e-06     0.127923
       922.00000  1.00000e-06     0.130618
       928.00000  1.00000e-06     0.133341
       934.00000  1.00000e-06     0.136249
       940.00000  1.00000e-06     0.139371
       946.00000  1.00000e-06     0.142487
       952.00000  1.00000e-06     0.145528
       958.00000  1.00000e-06     0.148570
       964.00000  1.00000e-06     0.151134
       970.00000  1.00000e-06     0.153451
       976.00000  1.00000e-06     0.155581
       982.00000  1.00000e-06     0.157165
       988.00000  1.00000e-06     0.158748
       994.00000  1.00000e-06     0.159593
       1000.0000  1.00000e-06     0.160311
       1006.0000  1.00000e-06     0.160671
       1012.0000  1.00000e-06     0.160595
       1018.0000  1.00000e-06     0.160511
       1024.0000  1.00000e-06     0.160265
       1030.0000  1.00000e-06     0.160019
       1036.0000  1.00000e-06     0.159981
       1042.0000  1.00000e-06     0.160057
       1048.0000  1.00000e-06     0.160178
       1054.0000  1.00000e-06     0.160441
       1060.0000  1.00000e-06     0.160703
       1066.0000  1.00000e-06     0.160940
       1072.0000  1.00000e-06     0.161172
       1078.0000  1.00000e-06     0.161498
       1084.0000  1.00000e-06     0.161942
       1090.0000  1.00000e-06     0.162410
       1096.0000  1.00000e-06     0.163503
       1102.0000  1.00000e-06     0.164597
       1108.0000  1.00000e-06     0.165849
       1114.0000  1.00000e-06     0.167194
       1120.0000  1.00000e-06     0.168560
       1126.0000  1.00000e-06     0.169999
       1132.0000  1.00000e-06     0.171437
       1138.0000  1.00000e-06     0.172919
       1144.0000  1.00000e-06     0.174411
       1150.0000  1.00000e-06     0.176066
       1156.0000  1.00000e-06     0.177939
       1162.0000  1.00000e-06     0.179821
       1168.0000  1.00000e-06     0.182034
       1174.0000  1.00000e-06     0.184247
       1180.0000  1.00000e-06     0.186560
       1186.0000  1.00000e-06     0.188932
       1192.0000  1.00000e-06     0.191322
       1198.0000  1.00000e-06     0.193776
       1204.0000  1.00000e-06     0.196230
       1210.0000  1.00000e-06     0.198761
       1216.0000  1.00000e-06     0.201311
       1222.0000  1.00000e-06     0.203833
       1228.0000  1.00000e-06     0.206317
       1234.0000  1.00000e-06     0.208795
       1240.0000  1.00000e-06     0.210758
       1246.0000  1.00000e-06     0.212721
       1252.0000  1.00000e-06     0.214431
       1258.0000  1.00000e-06     0.215977
       1264.0000  1.00000e-06     0.217393
       1270.0000  1.00000e-06     0.218305
       1276.0000  1.00000e-06     0.219216
       1282.0000  1.00000e-06     0.219783
       1288.0000  1.00000e-06     0.220265
       1294.0000  1.00000e-06     0.220621
       1300.0000  1.00000e-06     0.220787
       1306.0000  1.00000e-06     0.220953
       1312.0000  1.00000e-06     0.220772
       1318.0000  1.00000e-06     0.220590
       1324.0000  1.00000e-06     0.220222
       1330.0000  1.00000e-06     0.219726
       1336.0000  1.00000e-06     0.219255
       1342.0000  1.00000e-06     0.218888
       1348.0000  1.00000e-06     0.218522
       1354.0000  1.00000e-06     0.218467
       1360.0000  1.00000e-06     0.218495
       1366.0000  1.00000e-06     0.218654
       1372.0000  1.00000e-06     0.219019
       1378.0000  1.00000e-06     0.219384
       1384.0000  1.00000e-06     0.219849
       1390.0000  1.00000e-06     0.220315
       1396.0000  1.00000e-06     0.221025
       1402.0000  1.00000e-06     0.221908
       1408.0000  1.00000e-06     0.222900
       1414.0000  1.00000e-06     0.224384
       1420.0000  1.00000e-06     0.225867
       1426.0000  1.00000e-06     0.227529
       1432.0000  1.00000e-06     0.229240
       1438.0000  1.00000e-06     0.231038
       1444.0000  1.00000e-06     0.232979
       1450.0000  1.00000e-06     0.234920
       1456.0000  1.00000e-06     0.237172
       1462.0000  1.00000e-06     0.239432
       1468.0000  1.00000e-06     0.241664
       1474.0000  1.00000e-06     0.243875
       1480.0000  1.00000e-06     0.245978
       1486.0000  1.00000e-06     0.247546
       1492.0000  1.00000e-06     0.249114
       1498.0000  1.00000e-06     0.250403
       1504.0000  1.00000e-06     0.251607
       1510.0000  1.00000e-06     0.252739
       1516.0000  1.00000e-06     0.253746
       1522.0000  1.00000e-06     0.254752
       1528.0000  1.00000e-06     0.254837
       1534.0000  1.00000e-06     0.254883
       1540.0000  1.00000e-06     0.253964
       1546.0000  1.00000e-06     0.252280
       1552.0000  1.00000e-06     0.250307
       1558.0000  1.00000e-06     0.246760
       1564.0000  1.00000e-06     0.243214
       1570.0000  1.00000e-06     0.238412
       1576.0000  1.00000e-06     0.233199
       1582.0000  1.00000e-06     0.227423
       1588.0000  1.00000e-06     0.220603
       1594.0000  1.00000e-06     0.213783
       1600.0000  1.00000e-06     0.205136
       1606.0000  1.00000e-06     0.196388
       1612.0000  1.00000e-06     0.186955
       1618.0000  1.00000e-06     0.176952
       1624.0000  1.00000e-06     0.166913
       1630.0000  1.00000e-06     0.156660
       1636.0000  1.00000e-06     0.146407
       1642.0000  1.00000e-06     0.136427
       1648.0000  1.00000e-06     0.126542
       1654.0000  1.00000e-06     0.116803
       1660.0000  1.00000e-06     0.107350
       1666.0000  1.00000e-06    0.0978976
       1672.0000  1.00000e-06    0.0892240
       1678.0000  1.00000e-06    0.0806044
       1684.0000  1.00000e-06    0.0725724
       1690.0000  1.00000e-06    0.0650559
       1696.0000  1.00000e-06    0.0576925
       1702.0000  1.00000e-06    0.0513525
       1708.0000  1.00000e-06    0.0450124
       1714.0000  1.00000e-06    0.0396024
       1720.0000  1.00000e-06    0.0345405
       1726.0000  1.00000e-06    0.0299122
       1732.0000  1.00000e-06    0.0261841
       1738.0000  1.00000e-06    0.0224560
       1744.0000  1.00000e-06    0.0197813
       1750.0000  1.00000e-06    0.0171951
       1756.0000  1.00000e-06    0.0150831
       1762.0000  1.00000e-06    0.0134088
       1768.0000  1.00000e-06    0.0118315
       1774.0000  1.00000e-06    0.0109826
       1780.0000  1.00000e-06    0.0101338
       1786.0000  1.00000e-06   0.00977327
       1792.0000  1.00000e-06   0.00960746
       1798.0000  1.00000e-06   0.00965414
       1804.0000  1.00000e-06    0.0101683
       1810.0000  1.00000e-06    0.0106825
       1816.0000  1.00000e-06    0.0119913
       1822.0000  1.00000e-06    0.0133787
       1828.0000  1.00000e-06    0.0153103
       1834.0000  1.00000e-06    0.0177702
       1840.0000  1.00000e-06    0.0203629
       1846.0000  1.00000e-06    0.0240878
       1852.0000  1.00000e-06    0.0278126
       1858.0000  1.00000e-06    0.0325112
       1864.0000  1.00000e-06    0.0376224
       1870.0000  1.00000e-06    0.0431307
       1876.0000  1.00000e-06    0.0495661
       1882.0000  1.00000e-06    0.0560015
       1888.0000  1.00000e-06    0.0637477
       1894.0000  1.00000e-06    0.0716439
       1900.0000  1.00000e-06    0.0803189
       1906.0000  1.00000e-06    0.0897888
       1912.0000  1.00000e-06    0.0993870
       1918.0000  1.00000e-06     0.110246
       1924.0000  1.00000e-06     0.121106
       1930.0000  1.00000e-06     0.132886
       1936.0000  1.00000e-06     0.145080
       1942.0000  1.00000e-06     0.157559
       1948.0000  1.00000e-06     0.170743
       1954.0000  1.00000e-06     0.183927
       1960.0000  1.00000e-06     0.197604
       1966.0000  1.00000e-06     0.211345
       1972.0000  1.00000e-06     0.225265
       1978.0000  1.00000e-06     0.239375
       1984.0000  1.00000e-06     0.253466
       1990.0000  1.00000e-06     0.267328
       1996.0000  1.00000e-06     0.281190
       2002.0000  1.00000e-06     0.294463
       2008.0000  1.00000e-06     0.307455
       2014.0000  1.00000e-06     0.320037
       2020.0000  1.00000e-06     0.331538
       2026.0000  1.00000e-06     0.343039
       2032.0000  1.00000e-06     0.353292
       2038.0000  1.00000e-06     0.363362
       2044.0000  1.00000e-06     0.372801
       2050.0000  1.00000e-06     0.381528
       2056.0000  1.00000e-06     0.390151
       2062.0000  1.00000e-06     0.397334
       2068.0000  1.00000e-06     0.404516
       2074.0000  1.00000e-06     0.410957
       2080.0000  1.00000e-06     0.417024
       2086.0000  1.00000e-06     0.422854
       2092.0000  1.00000e-06     0.428016
       2098.0000  1.00000e-06     0.433179
       2104.0000  1.00000e-06     0.437721
       2110.0000  1.00000e-06     0.442163
       2116.0000  1.00000e-06     0.446156
       2122.0000  1.00000e-06     0.449619
       2128.0000  1.00000e-06     0.452995
       2134.0000  1.00000e-06     0.454882
       2140.0000  1.00000e-06     0.456768
       2146.0000  1.00000e-06     0.457829
       2152.0000  1.00000e-06     0.458450
       2158.0000  1.00000e-06     0.458893
       2164.0000  1.00000e-06     0.458804
       2170.0000  1.00000e-06     0.458714
       2176.0000  1.00000e-06     0.457685
       2182.0000  1.00000e-06     0.456487
       2188.0000  1.00000e-06     0.454717
       2194.0000  1.00000e-06     0.452231
       2200.0000  1.00000e-06     0.449691
       2206.0000  1.00000e-06     0.445896
       2212.0000  1.00000e-06     0.442101
       2218.0000  1.00000e-06     0.437265
       2224.0000  1.00000e-06     0.431842
       2230.0000  1.00000e-06     0.426125
       2236.0000  1.00000e-06     0.419464
       2242.0000  1.00000e-06     0.412803
       2248.0000  1.00000e-06     0.405762
       2254.0000  1.00000e-06     0.398645
       2260.0000  1.00000e-06     0.391574
       2266.0000  1.00000e-06     0.384561
       2272.0000  1.00000e-06     0.377535
       2278.0000  1.00000e-06     0.370031
       2284.0000  1.00000e-06     0.362528
       2290.0000  1.00000e-06     0.354823
       2296.0000  1.00000e-06     0.346998
       2302.0000  1.00000e-06     0.339250
       2308.0000  1.00000e-06     0.331765
       2314.0000  1.00000e-06     0.324280
       2320.0000  1.00000e-06     0.316856
       2326.0000  1.00000e-06     0.309445
       2332.0000  1.00000e-06     0.301819
       2338.0000  1.00000e-06     0.293897
       2344.0000  1.00000e-06     0.285958
       2350.0000  1.00000e-06     0.276981
       2356.0000  1.00000e-06     0.268005
       2362.0000  1.00000e-06     0.258103
       2368.0000  1.00000e-06     0.247620
       2374.0000  1.00000e-06     0.236838
       2380.0000  1.00000e-06     0.224940
       2386.0000  1.00000e-06     0.213042
       2392.0000  1.00000e-06     0.200820
       2398.0000  1.00000e-06     0.188521
       2404.0000  1.00000e-06     0.176246
       2410.0000  1.00000e-06     0.164004
       2416.0000  1.00000e-06     0.151763
       2422.0000  1.00000e-06     0.139725
       2428.0000  1.00000e-06     0.127686
       2434.0000  1.00000e-06     0.116173
       2440.0000  1.00000e-06     0.105007
       2446.0000  1.00000e-06    0.0940835
       2452.0000  1.00000e-06    0.0841371
       2458.0000  1.00000e-06    0.0741906
       2464.0000  1.00000e-06    0.0654462
       2470.0000  1.00000e-06    0.0570089
       2476.0000  1.00000e-06    0.0492465
       2482.0000  1.00000e-06    0.0425219
       2488.0000  1.00000e-06    0.0357973
       2494.0000  1.00000e-06    0.0307845
       2500.0000  1.00000e-06    0.0257864
       2506.0000  1.00000e-06    0.0216329
       2512.0000  1.00000e-06    0.0180689
       2518.0000  1.00000e-06    0.0147450
       2524.0000  1.00000e-06    0.0124690
       2530.0000  1.00000e-06    0.0101931
       2536.0000  1.00000e-06   0.00870037
       2542.0000  1.00000e-06   0.00742358
       2548.0000     0.110799   0.00637300
       2554.0000     0.872774   0.00568934
       2560.0000      1.82912   0.00500568
       2566.0000      2.72096   0.00465185
       2572.0000      3.36886   0.00430513
       2578.0000      3.68077   0.00406145
       2584.0000      3.68431   0.00389354
       2590.0000      3.65812   0.00374624
       2596.0000      3.72473   0.00369692
       2602.0000      3.80642   0.00364761
       2608.0000      3.66675   0.00365264
       2614.0000      3.13032   0.00367380
       2620.0000      2.26586   0.00371048
       2626.0000      1.38789   0.00377372
       2632.0000     0.750201   0.00383696
       2638.0000     0.498933   0.00388287
       2644.0000     0.586859   0.00392817
       2650.0000     0.785691   0.00392199
       2656.0000     0.754177   0.00387597
       2662.0000     0.256205   0.00382145
       2668.0000  1.00000e-06   0.00372270
       2674.0000  1.00000e-06   0.00362395
       2680.0000  1.00000e-06   0.00355337
       2686.0000  1.00000e-06   0.00349175
       2692.0000  1.00000e-06   0.00343462
       2698.0000  1.00000e-06   0.00338560
       2704.0000    0.0808807   0.00333658
       2710.0000     0.484229   0.00328397
       2716.0000     0.737099   0.00323118
       2722.0000     0.658938   0.00318775
       2728.0000     0.435023   0.00315194
       2734.0000     0.331012   0.00311729
       2740.0000     0.547087   0.00308934
       2746.0000     0.793187   0.00306139
       2752.0000      1.02718   0.00301351
       2758.0000      1.21145   0.00295886
       2764.0000      1.33643   0.00289711
       2770.0000      1.28867   0.00282182
       2776.0000      1.31438   0.00274653
       2782.0000      1.69955   0.00269165
       2788.0000      2.71655   0.00263804
       2794.0000      4.48143   0.00258533
       2800.0000      6.64731   0.00253340
       2806.0000      8.70700   0.00248032
       2812.0000      10.6258   0.00241989
       2818.0000      12.6445   0.00235945
       2824.0000      14.6690   0.00229908
       2830.0000      16.7754   0.00223873
       2836.0000      19.5897   0.00218899
       2842.0000      23.1143   0.00216069
       2848.0000      26.8214   0.00213239
       2854.0000      30.7709   0.00208523
       2860.0000      35.6381   0.00203662
       2866.0000      41.5612   0.00197457
       2872.0000      48.3631   0.00190042
       2878.0000      56.1410   0.00182680
       2884.0000      65.0679   0.00175704
       2890.0000      74.5167   0.00168728
       2896.0000      83.8644   0.00162750
       2902.0000      93.1872   0.00157157
       2908.0000      102.176   0.00151582
       2914.0000      109.818   0.00146047
       2920.0000      115.564   0.00140511
       2926.0000      119.365   0.00133431
       2932.0000      121.763   0.00126208
       2938.0000      122.837   0.00119050
       2944.0000      123.106   0.00111951
       2950.0000      122.674   0.00105146
       2956.0000      120.888   0.00100698
       2962.0000      117.068  0.000962504
       2968.0000      110.900  0.000930617
       2974.0000      103.288  0.000903917
       2980.0000      95.8038  0.000879007
       2986.0000      89.5228  0.000858163
       2992.0000      84.1564  0.000837318
       2998.0000      78.8597  0.000813465
       3004.0000      72.8240  0.000789289
       3010.0000      64.2036  0.000765295
       3016.0000      52.5247  0.000741483
       3022.0000      40.1419  0.000717775
       3028.0000      30.5187  0.000695030
       3034.0000      24.5067  0.000672284
       3040.0000      21.5423  0.000657341
       3046.0000      20.8530  0.000645814
       3052.0000      20.7035  0.000633802
       3058.0000      18.1321  0.000620622
       3064.0000      12.0839  0.000607442
       3070.0000      5.03076  0.000585255
       3076.0000     0.238584  0.000561962
       3082.0000  1.00000e-06  0.000539036
       3088.0000  1.00000e-06  0.000516494
       3094.0000     0.377092  0.000494097
       3100.0000     0.550577  0.000473250
       3106.0000  1.00000e-06  0.000452402
       3112.0000  1.00000e-06  0.000425320
       3118.0000  1.00000e-06  0.000395345
       3124.0000  1.00000e-06  0.000366328
       3130.0000  1.00000e-06  0.000339772
       3136.0000  1.00000e-06  0.000313216
       3142.0000  1.00000e-06  0.000300003
       3148.0000  1.00000e-06  0.000288644
       3154.0000  1.00000e-06  0.000281116
       3160.0000  1.00000e-06  0.000277814
       3166.0000  1.00000e-06  0.000274590
       3172.0000  1.00000e-06  0.000272364
       3178.0000  1.00000e-06  0.000270137
       3184.0000  1.00000e-06  0.000265744
       3190.0000  1.00000e-06  0.000260288
       3196.0000  1.00000e-06  0.000253755
       3202.0000  1.00000e-06  0.000244283
       3208.0000  1.00000e-06  0.000234810
       3214.0000  1.00000e-06  0.000225246
       3220.0000  1.00000e-06  0.000215667
       3226.0000  1.00000e-06  0.000207358
       3232.0000  1.00000e-06  0.000200523
       3238.0000  1.00000e-06  0.000194042
       3244.0000  1.00000e-06  0.000193087
       3250.0000  1.00000e-06  0.000192133
       3256.0000  1.00000e-06  0.000196298
       3262.0000  1.00000e-06  0.000203127
       3268.0000  1.00000e-06  0.000209961
       3274.0000  1.00000e-06  0.000216810
       3280.0000  1.00000e-06  0.000223660
       3286.0000  1.00000e-06  0.000225430
       3292.0000  1.00000e-06  0.000226323
       3298.0000  1.00000e-06  0.000225691
       3304.0000  1.00000e-06  0.000223196
       3310.0000  1.00000e-06  0.000220847
       3316.0000  1.00000e-06  0.000221383
       3322.0000  1.00000e-06  0.000221920
       3328.0000  1.00000e-06  0.000220823
       3334.0000  1.00000e-06  0.000218829
       3340.0000  1.00000e-06  0.000217085
       3346.0000  1.00000e-06  0.000216125
       3352.0000     0.576059  0.000215165
       3358.0000      2.23207  0.000214058
       3364.0000      3.49034  0.000212923
       3370.0000      4.19543  0.000208962
       3376.0000      4.14539  0.000201368
       3382.0000      3.68425  0.000193915
       3388.0000      3.22783  0.000190322
       3394.0000      2.63594  0.000186729
       3400.0000      1.35049  0.000190357
       3406.0000    0.0428885  0.000198178
       3412.0000  1.00000e-06  0.000204173
       3418.0000  1.00000e-06  0.000204055
       3424.0000  1.00000e-06  0.000203937
       3430.0000  1.00000e-06  0.000196026
       3436.0000  1.00000e-06  0.000186490
       3442.0000  1.00000e-06  0.000178767
       3448.0000  1.00000e-06  0.000173496
       3454.0000  1.00000e-06  0.000168309
       3460.0000  1.00000e-06  0.000166779
       3466.0000  1.00000e-06  0.000165250
       3472.0000  1.00000e-06  0.000163648
       3478.0000  1.00000e-06  0.000162002
       3484.0000  1.00000e-06  0.000160232
       3490.0000  1.00000e-06  0.000158014
       3496.0000  1.00000e-06  0.000155796
       3502.0000  1.00000e-06  0.000158590
       3508.0000  1.00000e-06  0.000162522
       3514.0000  1.00000e-06  0.000168749
       3520.0000  1.00000e-06  0.000178246
       3526.0000  1.00000e-06  0.000187680
       3532.0000  1.00000e-06  0.000190831
       3538.0000  1.00000e-06  0.000193982
       3544.0000  1.00000e-06  0.000193248
       3550.0000  1.00000e-06  0.000190001
       3556.0000  1.00000e-06  0.000187255
       3562.0000  1.00000e-06  0.000186447
       3568.0000  1.00000e-06  0.000185639
       3574.0000  1.00000e-06  0.000184736
       3580.0000  1.00000e-06  0.000183808
       3586.0000  1.00000e-06  0.000183658
       3592.0000  1.00000e-06  0.000184673
       3598.0000  1.00000e-06  0.000185689
       3604.0000  1.00000e-06  0.000187123
       3610.0000  1.00000e-06  0.000188559
       3616.0000  1.00000e-06  0.000188440
       3622.0000  1.00000e-06  0.000187262
       3628.0000  1.00000e-06  0.000185580
       3634.0000  1.00000e-06  0.000181775
       3640.0000  1.00000e-06  0.000177970
       3646.0000  1.00000e-06  0.000169784
       3652.0000  1.00000e-06  0.000160431
       3658.0000  1.00000e-06  0.000152349
       3664.0000  1.00000e-06  0.000146279
       3670.0000  1.00000e-06  0.000140210
       3676.0000  1.00000e-06  0.000127625
       3682.0000  1.00000e-06  0.000114939
       3688.0000  1.00000e-06  0.000103554
       3694.0000  1.00000e-06  9.31027e-05
       3700.0000  1.00000e-06  8.34720e-05
       3706.0000  1.00000e-06  7.75891e-05
       3712.0000  1.00000e-06  7.17061e-05
       3718.0000  1.00000e-06  7.02778e-05
       3724.0000  1.00000e-06  7.01271e-05
       3730.0000  1.00000e-06  7.08950e-05
       3736.0000  1.00000e-06  7.31961e-05
       3742.0000  1.00000e-06  7.54973e-05
       3748.0000  1.00000e-06  6.72621e-05
       3754.0000  1.00000e-06  5.87238e-05
       3760.0000  1.00000e-06  4.84740e-05
       3766.0000  1.00000e-06  3.69306e-05
       3772.0000  1.00000e-06  2.66780e-05
       3778.0000  1.00000e-06  2.28623e-05
       3784.0000  1.00000e-06  1.90465e-05
       3790.0000  1.00000e-06  1.43625e-05
       3796.0000  1.00000e-06  9.41102e-06
       3802.0000  1.00000e-06  5.46070e-06
       3808.0000  1.00000e-06  3.27469e-06
       3814.0000  1.00000e-06  1.08868e-06
       3820.0000  1.00000e-06  1.00000e-06
       3826.0000  1.00000e-06  1.00000e-06
       3832.0000  1.00000e-06  1.00000e-06
       3838.0000  1.00000e-06  1.00000e-06
       3844.0000  1.00000e-06  1.00000e-06
       3850.0000  1.00000e-06  1.00000e-06
       3856.0000  1.00000e-06  1.00000e-06
       3862.0000  1.00000e-06  1.00000e-06
       3868.0000  1.00000e-06  1.00000e-06
       3874.0000  1.00000e-06  1.00000e-06
       3880.0000  1.00000e-06  1.00000e-06
       3886.0000  1.00000e-06  1.00000e-06
       3892.0000  1.00000e-06  1.00000e-06
       3898.0000  1.00000e-06  1.00000e-06
       3904.0000  1.00000e-06  1.00000e-06
       3910.0000  1.00000e-06  1.00000e-06
       3916.0000  1.00000e-06  1.00000e-06
       3922.0000  1.00000e-06  1.00000e-06
       3928.0000  1.00000e-06  1.00000e-06
       3934.0000  1.00000e-06  1.00000e-06
       3940.0000  1.00000e-06  1.00000e-06
       3946.0000  1.00000e-06  1.00000e-06
       3952.0000  1.00000e-06  1.00000e-06
       3958.0000  1.00000e-06  1.00000e-06
       3964.0000  1.00000e-06  1.00000e-06
       3970.0000  1.00000e-06  1.00000e-06
       3976.0000  1.00000e-06  1.00000e-06
       3982.0000  1.00000e-06  1.00000e-06
       3988.0000  1.00000e-06  1.00000e-06
       3994.0000  1.00000e-06  1.00000e-06
       4000.0000  1.00000e-06  1.00000e-06
       4006.0000  1.00000e-06  1.00000e-06
       4012.0000  1.00000e-06  1.00000e-06
       4018.0000  1.00000e-06  1.00000e-06
       4024.0000  1.00000e-06  1.00000e-06
       4030.0000  1.00000e-06  1.00000e-06
       4036.0000  1.00000e-06  1.00000e-06
       4042.0000  1.00000e-06  1.00000e-06
       4048.0000  1.00000e-06  1.00000e-06
       4054.0000  1.00000e-06  1.00000e-06
       4060.0000  1.00000e-06  1.00000e-06
       4066.0000  1.00000e-06  1.00000e-06
       4072.0000  1.00000e-06  1.00000e-06
       4078.0000  1.00000e-06  1.00000e-06
       4084.0000  1.00000e-06  1.00000e-06
       4090.0000  1.00000e-06  1.00000e-06
       4096.0000  1.00000e-06  1.00000e-06
       4102.0000  1.00000e-06  1.00000e-06
       4108.0000  1.00000e-06  1.00000e-06
       4114.0000  1.00000e-06  1.00000e-06
       4120.0000  1.00000e-06  1.00000e-06
       4126.0000  1.00000e-06  1.00000e-06
       4132.0000  1.00000e-06  1.00000e-06
       4138.0000  1.00000e-06  1.00000e-06
       4144.0000  1.00000e-06  1.00000e-06
       4150.0000  1.00000e-06  1.00000e-06
       4156.0000  1.00000e-06  1.00000e-06
       4162.0000  1.00000e-06  1.00000e-06
       4168.0000  1.00000e-06  1.00000e-06
       4174.0000  1.00000e-06  1.00000e-06
       4180.0000  1.00000e-06  1.00000e-06
       4186.0000  1.00000e-06  1.00000e-06
       4192.0000  1.00000e-06  1.00000e-06
       4198.0000  1.00000e-06  1.00000e-06
       4204.0000  1.00000e-06  1.00000e-06
       4210.0000  1.00000e-06  1.00000e-06
       4216.0000  1.00000e-06  1.00000e-06
       4222.0000  1.00000e-06  1.00000e-06
       4228.0000  1.00000e-06  1.00000e-06
       4234.0000  1.00000e-06  1.00000e-06
       4240.0000  1.00000e-06  1.00000e-06
       4246.0000  1.00000e-06  1.00000e-06
       4252.0000  1.00000e-06  1.00000e-06
       4258.0000  1.00000e-06  1.00000e-06
       4264.0000  1.00000e-06  1.00000e-06
       4270.0000  1.00000e-06  1.00000e-06
       4276.0000  1.00000e-06  1.00000e-06
       4282.0000  1.00000e-06  1.00000e-06
       4288.0000  1.00000e-06  1.00000e-06
       4294.0000  1.00000e-06  1.00000e-06
       4300.0000  1.00000e-06  1.00000e-06
       4306.0000  1.00000e-06  1.00000e-06
       4312.0000  1.00000e-06  1.00000e-06
       4318.0000  1.00000e-06  1.00000e-06
       4324.0000  1.00000e-06  1.00000e-06
       4330.0000  1.00000e-06  1.00000e-06
       4336.0000  1.00000e-06  1.00000e-06
       4342.0000  1.00000e-06  1.00000e-06
       4348.0000  1.00000e-06  1.00000e-06
       4354.0000  1.00000e-06  1.00000e-06
       4360.0000  1.00000e-06  1.00000e-06
       4366.0000  1.00000e-06  1.00000e-06
       4372.0000  1.00000e-06  1.00000e-06
       4378.0000  1.00000e-06  1.00000e-06
       4384.0000  1.00000e-06  1.00000e-06
       4390.0000  1.00000e-06  1.00000e-06
       4396.0000  1.00000e-06  1.00000e-06
       4402.0000  1.00000e-06  1.00000e-06
       4408.0000  1.00000e-06  1.00000e-06
       4414.0000  1.00000e-06  1.00000e-06
       4420.0000  1.00000e-06  1.00000e-06
       4426.0000  1.00000e-06  1.00000e-06
       4432.0000  1.00000e-06  1.00000e-06
       4438.0000  1.00000e-06  1.00000e-06
       4444.0000  1.00000e-06  1.00000e-06
       4450.0000  1.00000e-06  1.00000e-06
       4456.0000  1.00000e-06  1.00000e-06
       4462.0000  1.00000e-06  1.00000e-06
       4468.0000  1.00000e-06  1.00000e-06
       4474.0000  1.00000e-06  1.00000e-06
       4480.0000  1.00000e-06  1.00000e-06
       4486.0000  1.00000e-06  1.00000e-06
       4492.0000  1.00000e-06  1.00000e-06
       4498.0000  1.00000e-06  1.00000e-06
       4504.0000  1.00000e-06  1.00000e-06
       4510.0000  1.00000e-06  1.00000e-06
       4516.0000  1.00000e-06  1.00000e-06
       4522.0000  1.00000e-06  1.00000e-06
       4528.0000  1.00000e-06  1.00000e-06
       4534.0000  1.00000e-06  1.00000e-06
       4540.0000  1.00000e-06  1.00000e-06
       4546.0000  1.00000e-06  1.00000e-06
       4552.0000  1.00000e-06  1.00000e-06
       4558.0000  1.00000e-06  1.00000e-06
       4564.0000  1.00000e-06  1.00000e-06
       4570.0000  1.00000e-06  1.00000e-06
       4576.0000  1.00000e-06  1.00000e-06
       4582.0000  1.00000e-06  1.00000e-06
       4588.0000  1.00000e-06  1.00000e-06
       4594.0000  1.00000e-06  1.00000e-06
       4600.0000  1.00000e-06  1.00000e-06
       4606.0000  1.00000e-06  1.00000e-06
       4612.0000  1.00000e-06  1.00000e-06
       4618.0000  1.00000e-06  1.00000e-06
       4624.0000  1.00000e-06  1.00000e-06
       4630.0000  1.00000e-06  1.00000e-06
       4636.0000  1.00000e-06  1.00000e-06
       4642.0000  1.00000e-06  1.00000e-06
       4648.0000  1.00000e-06  1.00000e-06
       4654.0000  1.00000e-06  1.00000e-06
       4660.0000  1.00000e-06  1.00000e-06
       4666.0000  1.00000e-06  1.00000e-06
       4672.0000  1.00000e-06  1.00000e-06
       4678.0000  1.00000e-06  1.00000e-06
       4684.0000  1.00000e-06  1.00000e-06
       4690.0000  1.00000e-06  1.00000e-06
       4696.0000  1.00000e-06  1.00000e-06
       4702.0000  1.00000e-06  1.00000e-06
       4708.0000  1.00000e-06  1.00000e-06
       4714.0000  1.00000e-06  1.00000e-06
       4720.0000  1.00000e-06  1.00000e-06
       4726.0000  1.00000e-06  1.00000e-06
       4732.0000  1.00000e-06  1.00000e-06
       4738.0000  1.00000e-06  1.00000e-06
       4744.0000  1.00000e-06  1.00000e-06
       4750.0000  1.00000e-06  1.00000e-06
       4756.0000  1.00000e-06  1.00000e-06
       4762.0000  1.00000e-06  1.00000e-06
       4768.0000  1.00000e-06  1.00000e-06
       4774.0000  1.00000e-06  1.00000e-06
       4780.0000  1.00000e-06  1.00000e-06
       4786.0000  1.00000e-06  1.00000e-06
       4792.0000  1.00000e-06  1.00000e-06
       4798.0000  1.00000e-06  1.00000e-06
       4804.0000  1.00000e-06  1.00000e-06
       4810.0000  1.00000e-06  1.00000e-06
       4816.0000  1.00000e-06  1.00000e-06
       4822.0000  1.00000e-06  1.00000e-06
       4828.0000  1.00000e-06  1.00000e-06
       4834.0000  1.00000e-06  1.00000e-06
       4840.0000  1.00000e-06  1.00000e-06
       4846.0000  1.00000e-06  1.00000e-06
       4852.0000  1.00000e-06  1.00000e-06
       4858.0000  1.00000e-06  1.00000e-06
       4864.0000  1.00000e-06  1.00000e-06
       4870.0000  1.00000e-06  1.00000e-06
       4876.0000  1.00000e-06  1.00000e-06
       4882.0000  1.00000e-06  1.00000e-06
       4888.0000  1.00000e-06  1.00000e-06
       4894.0000  1.00000e-06  1.00000e-06
       4900.0000  1.00000e-06  1.00000e-06
       4906.0000  1.00000e-06  1.00000e-06
       4912.0000  1.00000e-06  1.00000e-06
       4918.0000  1.00000e-06  1.00000e-06
       4924.0000  1.00000e-06  1.00000e-06
       4930.0000  1.00000e-06  1.00000e-06
       4936.0000  1.00000e-06  1.00000e-06
       4942.0000  1.00000e-06  1.00000e-06
       4948.0000  1.00000e-06  1.00000e-06
       4954.0000  1.00000e-06  1.00000e-06
       4960.0000  1.00000e-06  1.00000e-06
       4966.0000  1.00000e-06  1.00000e-06
       4972.0000  1.00000e-06  1.00000e-06
       4978.0000  1.00000e-06  1.00000e-06
       4984.0000  1.00000e-06  1.00000e-06
       4990.0000  1.00000e-06  1.00000e-06
       4996.0000  1.00000e-06  1.00000e-06
       5002.0000  1.00000e-06  1.00000e-06
       5008.0000  1.00000e-06  1.00000e-06
       5014.0000  1.00000e-06  1.70699e-06
       5020.0000  1.00000e-06  2.99212e-06
       5026.0000  1.00000e-06  4.32388e-06
       5032.0000  1.00000e-06  5.92487e-06
       5038.0000  1.00000e-06  7.52587e-06
       5044.0000  1.00000e-06  1.20720e-05
       5050.0000  1.00000e-06  1.76255e-05
       5056.0000  1.00000e-06  2.16785e-05
       5062.0000  1.00000e-06  2.28525e-05
       5068.0000  1.00000e-06  2.40265e-05
       5074.0000  1.00000e-06  2.60649e-05
       5080.0000  1.00000e-06  2.81585e-05
       5086.0000  1.00000e-06  2.93302e-05
       5092.0000  1.00000e-06  2.97089e-05
       5098.0000  1.00000e-06  2.98117e-05
       5104.0000  1.00000e-06  2.81483e-05
       5110.0000  1.00000e-06  2.64848e-05
       5116.0000  1.00000e-06  2.51045e-05
       5122.0000  1.00000e-06  2.38275e-05
       5128.0000  1.00000e-06  2.43489e-05
       5134.0000  1.00000e-06  2.85201e-05
       5140.0000  1.00000e-06  3.26913e-05
       5146.0000  1.00000e-06  3.62716e-05
       5152.0000  1.00000e-06  3.98056e-05
       5158.0000  1.00000e-06  4.14580e-05
       5164.0000  1.00000e-06  4.14073e-05
       5170.0000  1.00000e-06  4.11367e-05
       5176.0000  1.00000e-06  3.92883e-05
       5182.0000  1.00000e-06  3.74400e-05
       5188.0000  1.00000e-06  3.66455e-05
       5194.0000  1.00000e-06  3.62611e-05
       5200.0000  1.00000e-06  3.70842e-05
       5206.0000  1.00000e-06  4.05045e-05
       5212.0000  1.00000e-06  4.39248e-05
       5218.0000  1.00000e-06  4.89403e-05
       5224.0000  1.00000e-06  5.41042e-05
       5230.0000  1.00000e-06  5.87116e-05
       5236.0000  1.00000e-06  6.27891e-05
       5242.0000  1.00000e-06  6.65743e-05
       5248.0000  1.00000e-06  6.79898e-05
       5254.0000  1.00000e-06  6.94053e-05
       5260.0000  1.00000e-06  6.97684e-05
       5266.0000  1.00000e-06  6.96961e-05
       5272.0000  1.00000e-06  7.27326e-05
       5278.0000  1.00000e-06  8.28582e-05
       5284.0000  1.00000e-06  9.29838e-05
       5290.0000  1.00000e-06  9.21803e-05
       5296.0000  1.00000e-06  9.01940e-05
       5302.0000  1.00000e-06  9.04322e-05
       5308.0000  1.00000e-06  9.28977e-05
       5314.0000  1.00000e-06  9.54583e-05
       5320.0000  1.00000e-06  9.89030e-05
       5326.0000  1.00000e-06  0.000102348
       5332.0000  1.00000e-06  0.000103668
       5338.0000  1.00000e-06  0.000104055
       5344.0000  1.00000e-06  0.000103466
       5350.0000  1.00000e-06  0.000100511
       5356.0000  1.00000e-06  9.75567e-05
       5362.0000  1.00000e-06  9.24201e-05
       5368.0000  1.00000e-06  8.70128e-05
       5374.0000  1.00000e-06  7.91555e-05
       5380.0000  1.00000e-06  6.87188e-05
       5386.0000  1.00000e-06  5.88810e-05
       5392.0000  1.00000e-06  5.55191e-05
       5398.0000  1.00000e-06  5.21573e-05
       5404.0000  1.00000e-06  5.20632e-05
       5410.0000  1.00000e-06  5.34920e-05
       5416.0000  1.00000e-06  5.66992e-05
       5422.0000  1.00000e-06  6.44881e-05
       5428.0000  1.00000e-06  7.22770e-05
       5434.0000  1.00000e-06  7.50284e-05
       5440.0000  1.00000e-06  7.70740e-05
       5446.0000  1.00000e-06  8.14547e-05
       5452.0000  1.00000e-06  8.84218e-05
       5458.0000  1.00000e-06  9.46437e-05
       5464.0000  1.00000e-06  9.12508e-05
       5470.0000  1.00000e-06  8.78579e-05
       5476.0000  1.00000e-06  8.31194e-05
       5482.0000  1.00000e-06  7.77166e-05
       5488.0000  1.00000e-06  7.31604e-05
       5494.0000  1.00000e-06  7.09294e-05
