      -500.00000  1.00000e-06  0.000126965
      -494.00000  1.00000e-06  0.000128150
      -488.00000  1.00000e-06  0.000129193
      -482.00000  1.00000e-06  0.000129283
      -476.00000  1.00000e-06  0.000129373
      -470.00000  1.00000e-06  0.000126708
      -464.00000  1.00000e-06  0.000122969
      -458.00000  1.00000e-06  0.000120917
      -452.00000  1.00000e-06  0.000122634
      -446.00000  1.00000e-06  0.000124352
      -440.00000  1.00000e-06  0.000124046
      -434.00000  1.00000e-06  0.000123512
      -428.00000  1.00000e-06  0.000121634
      -422.00000  1.00000e-06  0.000118350
      -416.00000  1.00000e-06  0.000114834
      -410.00000  1.00000e-06  0.000108614
      -404.00000  1.00000e-06  0.000102394
      -398.00000  1.00000e-06  9.80125e-05
      -392.00000  1.00000e-06  9.45418e-05
      -386.00000  1.00000e-06  9.16224e-05
      -380.00000  1.00000e-06  9.02838e-05
      -374.00000  1.00000e-06  8.89452e-05
      -368.00000  1.00000e-06  9.01418e-05
      -362.00000  1.00000e-06  9.17914e-05
      -356.00000  1.00000e-06  9.27513e-05
      -350.00000  1.00000e-06  9.28273e-05
      -344.00000  1.00000e-06  9.30218e-05
      -338.00000  1.00000e-06  9.73099e-05
      -332.00000  1.00000e-06  0.000101598
      -326.00000  1.00000e-06  0.000103391
      -320.00000  1.00000e-06  0.000103641
      -314.00000  1.00000e-06  0.000103138
      -308.00000  1.00000e-06  9.97659e-05
      -302.00000  1.00000e-06  9.63939e-05
      -296.00000  1.00000e-06  9.61388e-05
      -290.00000  1.00000e-06  9.66743e-05
      -284.00000  1.00000e-06  9.95680e-05
      -278.00000  1.00000e-06  0.000106189
      -272.00000  1.00000e-06  0.000112809
      -266.00000  1.00000e-06  0.000113950
      -260.00000  1.00000e-06  0.000114963
      -254.00000  1.00000e-06  0.000111832
      -248.00000  1.00000e-06  0.000105540
      -242.00000  1.00000e-06  9.97134e-05
      -236.00000  1.00000e-06  9.63859e-05
      -230.00000  1.00000e-06  9.30585e-05
      -224.00000  1.00000e-06  9.43375e-05
      -218.00000  1.00000e-06  9.71772e-05
      -212.00000  1.00000e-06  0.000100294
      -206.00000  1.00000e-06  0.000103956
      -200.00000  1.00000e-06  0.000107619
      -194.00000  1.00000e-06  0.000109607
      -188.00000  1.00000e-06  0.000111463
      -182.00000  1.00000e-06  0.000116326
      -176.00000  1.00000e-06  0.000124003
      -170.00000  1.00000e-06  0.000130681
      -164.00000  1.00000e-06  0.000128960
      -158.00000  1.00000e-06  0.000127240
      -152.00000  1.00000e-06  0.000129633
      -146.00000  1.00000e-06  0.000133820
      -140.00000  1.00000e-06  0.000141118
      -134.00000  1.00000e-06  0.000156178
      -128.00000  1.00000e-06  0.000171237
      -122.00000  1.00000e-06  0.000181387
      -116.00000  1.00000e-06  0.000190842
      -110.00000  1.00000e-06  0.000199874
      -104.00000  1.00000e-06  0.000208422
      -98.000000  1.00000e-06  0.000216988
      -92.000000  1.00000e-06  0.000225869
      -86.000000  1.00000e-06  0.000234751
      -80.000000  1.00000e-06  0.000252542
      -74.000000  1.00000e-06  0.000275226
      -68.000000  1.00000e-06  0.000306876
      -62.000000  1.00000e-06  0.000367655
      -56.000000  1.00000e-06  0.000428433
      -50.000000  1.00000e-06  0.000565118
      -44.000000  1.00000e-06  0.000717883
      -38.000000  1.00000e-06  0.000996098
      -32.000000  1.00000e-06   0.00145111
      -26.000000  1.00000e-06   0.00191017
      -20.000000  1.00000e-06   0.00319173
      -14.000000  1.00000e-06   0.00447329
      -8.0000000  1.00000e-06   0.00679568
      -2.0000000  1.00000e-06   0.00982723
       4.0000000  1.00000e-06    0.0133897
       10.000000  1.00000e-06    0.0192969
       16.000000  1.00000e-06    0.0252042
       22.000000  1.00000e-06    0.0339034
       28.000000  1.00000e-06    0.0434156
       34.000000  1.00000e-06    0.0540944
       40.000000  1.00000e-06    0.0668088
       46.000000  1.00000e-06    0.0795233
       52.000000  1.00000e-06    0.0936705
       58.000000  1.00000e-06     0.107886
       64.000000  1.00000e-06     0.121402
       70.000000  1.00000e-06     0.134329
       76.000000  1.00000e-06     0.146690
       82.000000  1.00000e-06     0.155382
       88.000000  1.00000e-06     0.164075
       94.000000  1.00000e-06     0.168165
       100.00000  1.00000e-06     0.170499
       106.00000  1.00000e-06     0.170689
       112.00000  1.00000e-06     0.166189
       118.00000  1.00000e-06     0.161689
       124.00000  1.00000e-06     0.152287
       130.00000  1.00000e-06     0.142361
       136.00000  1.00000e-06     0.130942
       142.00000  1.00000e-06     0.117989
       148.00000  1.00000e-06     0.105012
       154.00000  1.00000e-06    0.0917618
       160.00000  1.00000e-06    0.0785120
       166.00000  1.00000e-06    0.0666101
       172.00000  1.00000e-06    0.0553631
       178.00000  1.00000e-06    0.0449411
       184.00000  1.00000e-06    0.0368327
       190.00000  1.00000e-06    0.0287242
       196.00000  1.00000e-06    0.0233592
       202.00000  1.00000e-06    0.0184681
       208.00000  1.00000e-06    0.0146718
       214.00000  1.00000e-06    0.0122547
       220.00000  1.00000e-06   0.00988879
       226.00000  1.00000e-06   0.00905193
       232.00000  1.00000e-06   0.00821508
       238.00000  1.00000e-06   0.00801746
       244.00000  1.00000e-06   0.00820779
       250.00000  1.00000e-06   0.00855245
       256.00000  1.00000e-06   0.00947024
       262.00000  1.00000e-06    0.0103880
       268.00000  1.00000e-06    0.0116248
       274.00000  1.00000e-06    0.0129403
       280.00000  1.00000e-06    0.0143164
       286.00000  1.00000e-06    0.0157863
       292.00000  1.00000e-06    0.0172562
       298.00000  1.00000e-06    0.0188290
       304.00000  1.00000e-06    0.0204036
       310.00000  1.00000e-06    0.0219190
       316.00000  1.00000e-06    0.0233900
       322.00000  1.00000e-06    0.0248553
       328.00000  1.00000e-06    0.0262907
       334.00000  1.00000e-06    0.0277261
       340.00000  1.00000e-06    0.0292239
       346.00000  1.00000e-06    0.0307424
       352.00000  1.00000e-06    0.0322572
       358.00000  1.00000e-06    0.0337651
       364.00000  1.00000e-06    0.0352729
       370.00000  1.00000e-06    0.0367064
       376.00000  1.00000e-06    0.0381344
       382.00000  1.00000e-06    0.0394327
       388.00000  1.00000e-06    0.0406116
       394.00000  1.00000e-06    0.0417426
       400.00000  1.00000e-06    0.0424880
       406.00000  1.00000e-06    0.0432335
       412.00000  1.00000e-06    0.0436106
       418.00000  1.00000e-06    0.0438303
       424.00000  1.00000e-06    0.0439182
       430.00000  1.00000e-06    0.0436841
       436.00000  1.00000e-06    0.0434501
       442.00000  1.00000e-06    0.0429904
       448.00000  1.00000e-06    0.0425001
       454.00000  1.00000e-06    0.0420089
       460.00000  1.00000e-06    0.0415169
       466.00000  1.00000e-06    0.0410383
       472.00000  1.00000e-06    0.0407702
       478.00000  1.00000e-06    0.0405022
       484.00000  1.00000e-06    0.0404792
       490.00000  1.00000e-06    0.0405883
       496.00000  1.00000e-06    0.0407554
       502.00000  1.00000e-06    0.0411066
       508.00000  1.00000e-06    0.0414577
       514.00000  1.00000e-06    0.0419168
       520.00000  1.00000e-06    0.0423981
       526.00000  1.00000e-06    0.0429417
       532.00000  1.00000e-06    0.0435716
       538.00000  1.00000e-06    0.0442027
       544.00000  1.00000e-06    0.0449611
       550.00000  1.00000e-06    0.0457195
       556.00000  1.00000e-06    0.0465636
       562.00000  1.00000e-06    0.0474650
       568.00000  1.00000e-06    0.0484064
       574.00000  1.00000e-06    0.0495195
       580.00000  1.00000e-06    0.0506326
       586.00000  1.00000e-06    0.0519285
       592.00000  1.00000e-06    0.0532763
       598.00000  1.00000e-06    0.0547350
       604.00000  1.00000e-06    0.0563839
       610.00000  1.00000e-06    0.0580327
       616.00000  1.00000e-06    0.0599277
       622.00000  1.00000e-06    0.0618334
       628.00000  1.00000e-06    0.0637630
       634.00000  1.00000e-06    0.0657124
       640.00000  1.00000e-06    0.0676879
       646.00000  1.00000e-06    0.0698259
       652.00000  1.00000e-06    0.0719638
       658.00000  1.00000e-06    0.0742508
       664.00000  1.00000e-06    0.0765935
       670.00000  1.00000e-06    0.0788145
       676.00000  1.00000e-06    0.0807746
       682.00000  1.00000e-06    0.0827346
       688.00000  1.00000e-06    0.0841175
       694.00000  1.00000e-06    0.0854419
       700.00000  1.00000e-06    0.0866046
       706.00000  1.00000e-06    0.0876041
       712.00000  1.00000e-06    0.0886133
       718.00000  1.00000e-06    0.0897241
       724.00000  1.00000e-06    0.0908348
       730.00000  1.00000e-06    0.0921630
       736.00000  1.00000e-06    0.0935948
       742.00000  1.00000e-06    0.0950589
       748.00000  1.00000e-06    0.0966116
       754.00000  1.00000e-06    0.0981643
       760.00000  1.00000e-06    0.0993825
       766.00000  1.00000e-06     0.100545
       772.00000  1.00000e-06     0.101527
       778.00000  1.00000e-06     0.102287
       784.00000  1.00000e-06     0.103045
       790.00000  1.00000e-06     0.103761
       796.00000  1.00000e-06     0.104477
       802.00000  1.00000e-06     0.105328
       808.00000  1.00000e-06     0.106259
       814.00000  1.00000e-06     0.107274
       820.00000  1.00000e-06     0.108593
       826.00000  1.00000e-06     0.109911
       832.00000  1.00000e-06     0.111651
       838.00000  1.00000e-06     0.113491
       844.00000  1.00000e-06     0.115553
       850.00000  1.00000e-06     0.117952
       856.00000  1.00000e-06     0.120351
       862.00000  1.00000e-06     0.123156
       868.00000  1.00000e-06     0.125967
       874.00000  1.00000e-06     0.128832
       880.00000  1.00000e-06     0.131735
       886.00000  1.00000e-06     0.134641
       892.00000  1.00000e-06     0.137559
       898.00000  1.00000e-06     0.140478
       904.00000  1.00000e-06     0.143349
       910.00000  1.00000e-06     0.146204
       916.00000  1.00000e-06     0.149022
       922.00000  1.00000e-06     0.151766
       928.00000  1.00000e-06     0.154511
       934.00000  1.00000e-06     0.157418
       940.00000  1.00000e-06     0.160336
       946.00000  1.00000e-06     0.163238
       952.00000  1.00000e-06     0.166126
       958.00000  1.00000e-06     0.168933
       964.00000  1.00000e-06     0.171120
       970.00000  1.00000e-06     0.173306
       976.00000  1.00000e-06     0.174787
       982.00000  1.00000e-06     0.175972
       988.00000  1.00000e-06     0.176874
       994.00000  1.00000e-06     0.177099
       1000.0000  1.00000e-06     0.177323
       1006.0000  1.00000e-06     0.176949
       1012.0000  1.00000e-06     0.176497
       1018.0000  1.00000e-06     0.175927
       1024.0000  1.00000e-06     0.175224
       1030.0000  1.00000e-06     0.174533
       1036.0000  1.00000e-06     0.174007
       1042.0000  1.00000e-06     0.173482
       1048.0000  1.00000e-06     0.172999
       1054.0000  1.00000e-06     0.172539
       1060.0000  1.00000e-06     0.172048
       1066.0000  1.00000e-06     0.171462
       1072.0000  1.00000e-06     0.170875
       1078.0000  1.00000e-06     0.170705
       1084.0000  1.00000e-06     0.170617
       1090.0000  1.00000e-06     0.170828
       1096.0000  1.00000e-06     0.171446
       1102.0000  1.00000e-06     0.172070
       1108.0000  1.00000e-06     0.173156
       1114.0000  1.00000e-06     0.174241
       1120.0000  1.00000e-06     0.175610
       1126.0000  1.00000e-06     0.177166
       1132.0000  1.00000e-06     0.178795
       1138.0000  1.00000e-06     0.180732
       1144.0000  1.00000e-06     0.182669
       1150.0000  1.00000e-06     0.184683
       1156.0000  1.00000e-06     0.186719
       1162.0000  1.00000e-06     0.188841
       1168.0000  1.00000e-06     0.191108
       1174.0000  1.00000e-06     0.193376
       1180.0000  1.00000e-06     0.195977
       1186.0000  1.00000e-06     0.198590
       1192.0000  1.00000e-06     0.201485
       1198.0000  1.00000e-06     0.204608
       1204.0000  1.00000e-06     0.207723
       1210.0000  1.00000e-06     0.210797
       1216.0000  1.00000e-06     0.213870
       1222.0000  1.00000e-06     0.216956
       1228.0000  1.00000e-06     0.220047
       1234.0000  1.00000e-06     0.223178
       1240.0000  1.00000e-06     0.226393
       1246.0000  1.00000e-06     0.229609
       1252.0000  1.00000e-06     0.232667
       1258.0000  1.00000e-06     0.235710
       1264.0000  1.00000e-06     0.238575
       1270.0000  1.00000e-06     0.241264
       1276.0000  1.00000e-06     0.243879
       1282.0000  1.00000e-06     0.245769
       1288.0000  1.00000e-06     0.247660
       1294.0000  1.00000e-06     0.248836
       1300.0000  1.00000e-06     0.249678
       1306.0000  1.00000e-06     0.250271
       1312.0000  1.00000e-06     0.250193
       1318.0000  1.00000e-06     0.250116
       1324.0000  1.00000e-06     0.249418
       1330.0000  1.00000e-06     0.248620
       1336.0000  1.00000e-06     0.247561
       1342.0000  1.00000e-06     0.246185
       1348.0000  1.00000e-06     0.244803
       1354.0000  1.00000e-06     0.243293
       1360.0000  1.00000e-06     0.241784
       1366.0000  1.00000e-06     0.240324
       1372.0000  1.00000e-06     0.238894
       1378.0000  1.00000e-06     0.237402
       1384.0000  1.00000e-06     0.235688
       1390.0000  1.00000e-06     0.233974
       1396.0000  1.00000e-06     0.232452
       1402.0000  1.00000e-06     0.230974
       1408.0000  1.00000e-06     0.229729
       1414.0000  1.00000e-06     0.228833
       1420.0000  1.00000e-06     0.227936
       1426.0000  1.00000e-06     0.226806
       1432.0000  1.00000e-06     0.225674
       1438.0000  1.00000e-06     0.224191
       1444.0000  1.00000e-06     0.222456
       1450.0000  1.00000e-06     0.220658
       1456.0000  1.00000e-06     0.218555
       1462.0000  1.00000e-06     0.216451
       1468.0000  1.00000e-06     0.213937
       1474.0000  1.00000e-06     0.211292
       1480.0000  1.00000e-06     0.208314
       1486.0000  1.00000e-06     0.204715
       1492.0000  1.00000e-06     0.201116
       1498.0000  1.00000e-06     0.196312
       1504.0000  1.00000e-06     0.191430
       1510.0000  1.00000e-06     0.185856
       1516.0000  1.00000e-06     0.179665
       1522.0000  1.00000e-06     0.173307
       1528.0000  1.00000e-06     0.165712
       1534.0000  1.00000e-06     0.158117
       1540.0000  1.00000e-06     0.149710
       1546.0000  1.00000e-06     0.140971
       1552.0000  1.00000e-06     0.132154
       1558.0000  1.00000e-06     0.123158
       1564.0000  1.00000e-06     0.114163
       1570.0000  1.00000e-06     0.105355
       1576.0000  1.00000e-06    0.0965720
       1582.0000  1.00000e-06    0.0880508
       1588.0000  1.00000e-06    0.0798152
       1594.0000  1.00000e-06    0.0716363
       1600.0000  1.00000e-06    0.0642267
       1606.0000  1.00000e-06    0.0568171
       1612.0000  1.00000e-06    0.0500893
       1618.0000  1.00000e-06    0.0437152
       1624.0000  1.00000e-06    0.0376965
       1630.0000  1.00000e-06    0.0327536
       1636.0000  1.00000e-06    0.0278108
       1642.0000  1.00000e-06    0.0241074
       1648.0000  1.00000e-06    0.0206432
       1654.0000  1.00000e-06    0.0176906
       1660.0000  1.00000e-06    0.0154216
       1666.0000  1.00000e-06    0.0131708
       1672.0000  1.00000e-06    0.0119163
       1678.0000  1.00000e-06    0.0106618
       1684.0000  1.00000e-06   0.00994365
       1690.0000  1.00000e-06   0.00957173
       1696.0000  1.00000e-06   0.00934374
       1702.0000  1.00000e-06   0.00970022
       1708.0000  1.00000e-06    0.0100567
       1714.0000  1.00000e-06    0.0109550
       1720.0000  1.00000e-06    0.0119994
       1726.0000  1.00000e-06    0.0133321
       1732.0000  1.00000e-06    0.0151404
       1738.0000  1.00000e-06    0.0169487
       1744.0000  1.00000e-06    0.0197159
       1750.0000  1.00000e-06    0.0225156
       1756.0000  1.00000e-06    0.0259693
       1762.0000  1.00000e-06    0.0299431
       1768.0000  1.00000e-06    0.0340913
       1774.0000  1.00000e-06    0.0392517
       1780.0000  1.00000e-06    0.0444121
       1786.0000  1.00000e-06    0.0506104
       1792.0000  1.00000e-06    0.0571795
       1798.0000  1.00000e-06    0.0642983
       1804.0000  1.00000e-06    0.0725504
       1810.0000  1.00000e-06    0.0808026
       1816.0000  1.00000e-06    0.0905664
       1822.0000  1.00000e-06     0.100468
       1828.0000  1.00000e-06     0.110901
       1834.0000  1.00000e-06     0.121852
       1840.0000  1.00000e-06     0.132874
       1846.0000  1.00000e-06     0.144561
       1852.0000  1.00000e-06     0.156248
       1858.0000  1.00000e-06     0.168075
       1864.0000  1.00000e-06     0.179966
       1870.0000  1.00000e-06     0.191772
       1876.0000  1.00000e-06     0.203353
       1882.0000  1.00000e-06     0.214935
       1888.0000  1.00000e-06     0.226100
       1894.0000  1.00000e-06     0.237200
       1900.0000  1.00000e-06     0.247847
       1906.0000  1.00000e-06     0.257949
       1912.0000  1.00000e-06     0.267984
       1918.0000  1.00000e-06     0.276591
       1924.0000  1.00000e-06     0.285198
       1930.0000  1.00000e-06     0.293112
       1936.0000  1.00000e-06     0.300629
       1942.0000  1.00000e-06     0.307911
       1948.0000  1.00000e-06     0.314386
       1954.0000  1.00000e-06     0.320861
       1960.0000  1.00000e-06     0.326490
       1966.0000  1.00000e-06     0.331927
       1972.0000  1.00000e-06     0.337086
       1978.0000  1.00000e-06     0.341836
       1984.0000  1.00000e-06     0.346585
       1990.0000  1.00000e-06     0.350659
       1996.0000  1.00000e-06     0.354729
       2002.0000  1.00000e-06     0.358665
       2008.0000  1.00000e-06     0.362506
       2014.0000  1.00000e-06     0.366356
       2020.0000  1.00000e-06     0.370244
       2026.0000  1.00000e-06     0.374132
       2032.0000  1.00000e-06     0.377954
       2038.0000  1.00000e-06     0.381754
       2044.0000  1.00000e-06     0.385435
       2050.0000  1.00000e-06     0.388898
       2056.0000  1.00000e-06     0.392361
       2062.0000  1.00000e-06     0.395253
       2068.0000  1.00000e-06     0.398111
       2074.0000  1.00000e-06     0.400655
       2080.0000  1.00000e-06     0.402924
       2086.0000  1.00000e-06     0.405180
       2092.0000  1.00000e-06     0.407339
       2098.0000  1.00000e-06     0.409498
       2104.0000  1.00000e-06     0.411488
       2110.0000  1.00000e-06     0.413410
       2116.0000  1.00000e-06     0.415081
       2122.0000  1.00000e-06     0.416174
       2128.0000  1.00000e-06     0.417268
       2134.0000  1.00000e-06     0.417784
       2140.0000  1.00000e-06     0.418232
       2146.0000  1.00000e-06     0.418414
       2152.0000  1.00000e-06     0.418312
       2158.0000  1.00000e-06     0.418153
       2164.0000  1.00000e-06     0.417273
       2170.0000  1.00000e-06     0.416393
       2176.0000  1.00000e-06     0.415215
       2182.0000  1.00000e-06     0.413886
       2188.0000  1.00000e-06     0.412344
       2194.0000  1.00000e-06     0.410171
       2200.0000  1.00000e-06     0.407998
       2206.0000  1.00000e-06     0.404637
       2212.0000  1.00000e-06     0.401053
       2218.0000  1.00000e-06     0.396767
       2224.0000  1.00000e-06     0.391559
       2230.0000  1.00000e-06     0.386321
       2236.0000  1.00000e-06     0.379797
       2242.0000  1.00000e-06     0.373274
       2248.0000  1.00000e-06     0.366382
       2254.0000  1.00000e-06     0.359258
       2260.0000  1.00000e-06     0.352057
       2266.0000  1.00000e-06     0.344548
       2272.0000  1.00000e-06     0.337040
       2278.0000  1.00000e-06     0.329333
       2284.0000  1.00000e-06     0.321574
       2290.0000  1.00000e-06     0.313749
       2296.0000  1.00000e-06     0.305820
       2302.0000  1.00000e-06     0.297890
       2308.0000  1.00000e-06     0.289973
       2314.0000  1.00000e-06     0.282056
       2320.0000  1.00000e-06     0.274189
       2326.0000  1.00000e-06     0.266361
       2332.0000  1.00000e-06     0.258495
       2338.0000  1.00000e-06     0.250412
       2344.0000  1.00000e-06     0.242329
       2350.0000  1.00000e-06     0.233772
       2356.0000  1.00000e-06     0.225050
       2362.0000  1.00000e-06     0.216061
       2368.0000  1.00000e-06     0.206533
       2374.0000  1.00000e-06     0.197005
       2380.0000  1.00000e-06     0.186977
       2386.0000  1.00000e-06     0.176906
       2392.0000  1.00000e-06     0.166652
       2398.0000  1.00000e-06     0.156222
       2404.0000  1.00000e-06     0.145791
       2410.0000  1.00000e-06     0.135342
       2416.0000  1.00000e-06     0.124892
       2422.0000  1.00000e-06     0.114598
       2428.0000  1.00000e-06     0.104375
       2434.0000  1.00000e-06    0.0943972
       2440.0000  1.00000e-06    0.0850535
       2446.0000  1.00000e-06    0.0757097
       2452.0000  1.00000e-06    0.0674931
       2458.0000  1.00000e-06    0.0594447
       2464.0000  1.00000e-06    0.0520067
       2470.0000  1.00000e-06    0.0452854
       2476.0000  1.00000e-06    0.0386354
       2482.0000  1.00000e-06    0.0333481
       2488.0000  1.00000e-06    0.0280607
       2494.0000  1.00000e-06    0.0237403
       2500.0000  1.00000e-06    0.0199647
       2506.0000  1.00000e-06    0.0164868
       2512.0000  1.00000e-06    0.0140085
       2518.0000  1.00000e-06    0.0115303
       2524.0000  1.00000e-06   0.00984430
       2530.0000  1.00000e-06   0.00833302
       2536.0000  1.00000e-06   0.00711322
       2542.0000  1.00000e-06   0.00631434
       2548.0000  1.00000e-06   0.00551546
       2554.0000     0.251334   0.00511444
       2560.0000  0.000751247   0.00471379
       2566.0000  1.00000e-06   0.00441112
       2572.0000  1.00000e-06   0.00417684
       2578.0000  1.00000e-06   0.00396531
       2584.0000  1.00000e-06   0.00385830
       2590.0000  1.00000e-06   0.00375130
       2596.0000  1.00000e-06   0.00370638
       2602.0000  1.00000e-06   0.00368016
       2608.0000  1.00000e-06   0.00365132
       2614.0000  1.00000e-06   0.00361780
       2620.0000  1.00000e-06   0.00358428
       2626.0000  1.00000e-06   0.00353315
       2632.0000  1.00000e-06   0.00348107
       2638.0000  1.00000e-06   0.00344665
       2644.0000  1.00000e-06   0.00342741
       2650.0000  1.00000e-06   0.00340855
       2656.0000  1.00000e-06   0.00339223
       2662.0000    0.0741719   0.00337590
       2668.0000    0.0667007   0.00333677
       2674.0000  1.00000e-06   0.00328867
       2680.0000  1.00000e-06   0.00323988
       2686.0000  1.00000e-06   0.00318951
       2692.0000  1.00000e-06   0.00313915
       2698.0000  1.00000e-06   0.00310052
       2704.0000  1.00000e-06   0.00306323
       2710.0000  1.00000e-06   0.00302355
       2716.0000  1.00000e-06   0.00298136
       2722.0000  1.00000e-06   0.00293977
       2728.0000  1.00000e-06   0.00290528
       2734.0000  1.00000e-06   0.00287078
       2740.0000     0.304130   0.00282096
       2746.0000      1.43717   0.00276348
       2752.0000      2.29977   0.00270212
       2758.0000      2.88680   0.00262954
       2764.0000      3.60333   0.00255697
       2770.0000      4.85461   0.00250126
       2776.0000      6.88951   0.00244861
       2782.0000      9.97113   0.00240160
       2788.0000      13.6288   0.00236186
       2794.0000      17.2597   0.00232178
       2800.0000      20.9603   0.00226959
       2806.0000      25.1279   0.00221740
       2812.0000      29.6971   0.00216522
       2818.0000      34.4243   0.00211305
       2824.0000      39.4493   0.00206612
       2830.0000      44.5025   0.00203934
       2836.0000      49.3271   0.00201257
       2842.0000      53.7632   0.00199087
       2848.0000      57.7911   0.00197047
       2854.0000      61.6729   0.00193969
       2860.0000      65.8668   0.00189241
       2866.0000      70.5704   0.00184513
       2872.0000      74.8164   0.00177649
       2878.0000      77.9238   0.00170731
       2884.0000      79.6545   0.00163689
       2890.0000      79.8197   0.00156550
       2896.0000      78.7530   0.00149452
       2902.0000      77.0055   0.00142577
       2908.0000      76.1385   0.00135702
       2914.0000      76.7554   0.00129768
       2920.0000      78.2343   0.00124157
       2926.0000      78.6231   0.00118754
       2932.0000      76.7455   0.00113764
       2938.0000      73.0806   0.00108775
       2944.0000      69.1433   0.00103990
       2950.0000      67.6863  0.000992211
       2956.0000      70.0396  0.000954254
       2962.0000      75.6910  0.000925466
       2968.0000      82.8412  0.000897394
       2974.0000      88.5596  0.000875440
       2980.0000      89.8100  0.000853486
       2986.0000      85.2585  0.000829919
       2992.0000      78.3146  0.000805643
       2998.0000      71.5469  0.000780346
       3004.0000      65.6847  0.000752485
       3010.0000      60.3844  0.000724623
       3016.0000      55.0727  0.000690224
       3022.0000      48.6965  0.000654886
       3028.0000      40.6657  0.000626189
       3034.0000      31.3134  0.000605157
       3040.0000      21.4135  0.000584258
       3046.0000      12.8833  0.000565686
       3052.0000      6.58569  0.000547114
       3058.0000      1.76355  0.000528076
       3064.0000  1.00000e-06  0.000508781
       3070.0000  1.00000e-06  0.000489269
       3076.0000  1.00000e-06  0.000469051
       3082.0000  1.00000e-06  0.000448832
       3088.0000  1.00000e-06  0.000430188
       3094.0000  1.00000e-06  0.000411882
       3100.0000  1.00000e-06  0.000393996
       3106.0000  1.00000e-06  0.000376707
       3112.0000  1.00000e-06  0.000359431
       3118.0000  1.00000e-06  0.000346176
       3124.0000  1.00000e-06  0.000332922
       3130.0000  1.00000e-06  0.000320636
       3136.0000  1.00000e-06  0.000309014
       3142.0000  1.00000e-06  0.000297313
       3148.0000  1.00000e-06  0.000285260
       3154.0000  1.00000e-06  0.000273207
       3160.0000  1.00000e-06  0.000262402
       3166.0000  1.00000e-06  0.000251962
       3172.0000  1.00000e-06  0.000242623
       3178.0000  1.00000e-06  0.000235217
       3184.0000  1.00000e-06  0.000227810
       3190.0000  1.00000e-06  0.000224251
       3196.0000  1.00000e-06  0.000220883
       3202.0000  1.00000e-06  0.000219240
       3208.0000  1.00000e-06  0.000219052
       3214.0000  1.00000e-06  0.000219066
       3220.0000  1.00000e-06  0.000220397
       3226.0000  1.00000e-06  0.000221729
       3232.0000  1.00000e-06  0.000224158
       3238.0000  1.00000e-06  0.000227009
       3244.0000  1.00000e-06  0.000229294
       3250.0000  1.00000e-06  0.000230332
       3256.0000      3.10678  0.000231371
       3262.0000      5.19877  0.000226794
       3268.0000      4.48782  0.000221605
       3274.0000      2.22620  0.000214240
       3280.0000     0.141421  0.000204625
       3286.0000  1.00000e-06  0.000195783
       3292.0000  1.00000e-06  0.000195636
       3298.0000  1.00000e-06  0.000195489
       3304.0000  1.00000e-06  0.000198695
       3310.0000  1.00000e-06  0.000203543
       3316.0000  1.00000e-06  0.000208774
       3322.0000  1.00000e-06  0.000215093
       3328.0000  1.00000e-06  0.000221411
       3334.0000  1.00000e-06  0.000226052
       3340.0000  1.00000e-06  0.000230400
       3346.0000  1.00000e-06  0.000233970
       3352.0000      1.65074  0.000236553
       3358.0000      3.45116  0.000239191
       3364.0000      4.17829  0.000243511
       3370.0000      2.64672  0.000247830
       3376.0000     0.449587  0.000251429
       3382.0000  1.00000e-06  0.000254588
       3388.0000  1.00000e-06  0.000256473
       3394.0000  1.00000e-06  0.000253588
       3400.0000  1.00000e-06  0.000250702
       3406.0000  1.00000e-06  0.000244280
       3412.0000  1.00000e-06  0.000236977
       3418.0000  1.00000e-06  0.000228633
       3424.0000  1.00000e-06  0.000218661
       3430.0000  1.00000e-06  0.000208690
       3436.0000  1.00000e-06  0.000198025
       3442.0000  1.00000e-06  0.000187345
       3448.0000  1.00000e-06  0.000183315
       3454.0000  1.00000e-06  0.000184301
       3460.0000    0.0826558  0.000186332
       3466.0000     0.849912  0.000193856
       3472.0000     0.558292  0.000201380
       3478.0000    0.0583104  0.000204335
       3484.0000  1.00000e-06  0.000205765
       3490.0000  1.00000e-06  0.000204014
       3496.0000  1.00000e-06  0.000196077
       3502.0000  1.00000e-06  0.000188139
       3508.0000  1.00000e-06  0.000174909
       3514.0000  1.00000e-06  0.000161278
       3520.0000  1.00000e-06  0.000151257
       3526.0000  1.00000e-06  0.000144580
       3532.0000  1.00000e-06  0.000138548
       3538.0000  1.00000e-06  0.000137788
       3544.0000  1.00000e-06  0.000137028
       3550.0000  1.00000e-06  0.000139865
       3556.0000  1.00000e-06  0.000144250
       3562.0000  1.00000e-06  0.000148416
       3568.0000  1.00000e-06  0.000152041
       3574.0000  1.00000e-06  0.000155666
       3580.0000  1.00000e-06  0.000160163
       3586.0000  1.00000e-06  0.000164781
       3592.0000  1.00000e-06  0.000168728
       3598.0000  1.00000e-06  0.000171916
       3604.0000  1.00000e-06  0.000174868
       3610.0000  1.00000e-06  0.000174018
       3616.0000  1.00000e-06  0.000173167
       3622.0000  1.00000e-06  0.000168048
       3628.0000  1.00000e-06  0.000160614
       3634.0000  1.00000e-06  0.000154091
       3640.0000  1.00000e-06  0.000150484
       3646.0000  1.00000e-06  0.000146877
       3652.0000  1.00000e-06  0.000143211
       3658.0000  1.00000e-06  0.000139533
       3664.0000  1.00000e-06  0.000134513
       3670.0000  1.00000e-06  0.000127626
       3676.0000  1.00000e-06  0.000120725
       3682.0000  1.00000e-06  0.000112082
       3688.0000  1.00000e-06  0.000103440
       3694.0000  1.00000e-06  9.59844e-05
       3700.0000  1.00000e-06  8.93287e-05
       3706.0000  1.00000e-06  8.33047e-05
       3712.0000  1.00000e-06  8.00204e-05
       3718.0000  1.00000e-06  7.67361e-05
       3724.0000  1.00000e-06  6.91927e-05
       3730.0000  1.00000e-06  6.04285e-05
       3736.0000  1.00000e-06  5.15907e-05
       3742.0000  1.00000e-06  4.26262e-05
       3748.0000  1.00000e-06  3.36617e-05
       3754.0000  1.00000e-06  2.92059e-05
       3760.0000  1.00000e-06  2.49528e-05
       3766.0000  1.00000e-06  1.98715e-05
       3772.0000  1.00000e-06  1.41039e-05
       3778.0000  1.00000e-06  8.68854e-06
       3784.0000  1.00000e-06  5.49830e-06
       3790.0000  1.00000e-06  2.30807e-06
       3796.0000  1.00000e-06  1.30430e-06
       3802.0000  1.00000e-06  1.12356e-06
       3808.0000  1.00000e-06  1.00000e-06
       3814.0000  1.00000e-06  1.00000e-06
       3820.0000  1.00000e-06  1.00000e-06
       3826.0000  1.00000e-06  1.00000e-06
       3832.0000  1.00000e-06  1.00000e-06
       3838.0000  1.00000e-06  1.00000e-06
       3844.0000  1.00000e-06  1.00000e-06
       3850.0000  1.00000e-06  1.00000e-06
       3856.0000  1.00000e-06  1.00000e-06
       3862.0000  1.00000e-06  1.00000e-06
       3868.0000  1.00000e-06  1.00000e-06
       3874.0000  1.00000e-06  1.00000e-06
       3880.0000  1.00000e-06  1.00000e-06
       3886.0000  1.00000e-06  1.00000e-06
       3892.0000  1.00000e-06  1.00000e-06
       3898.0000  1.00000e-06  1.00000e-06
       3904.0000  1.00000e-06  1.00000e-06
       3910.0000  1.00000e-06  1.00000e-06
       3916.0000  1.00000e-06  1.00000e-06
       3922.0000  1.00000e-06  1.00000e-06
       3928.0000  1.00000e-06  1.00000e-06
       3934.0000  1.00000e-06  1.00000e-06
       3940.0000  1.00000e-06  1.00000e-06
       3946.0000  1.00000e-06  1.00000e-06
       3952.0000  1.00000e-06  1.00000e-06
       3958.0000  1.00000e-06  1.00000e-06
       3964.0000  1.00000e-06  1.00000e-06
       3970.0000  1.00000e-06  1.00000e-06
       3976.0000  1.00000e-06  1.00000e-06
       3982.0000  1.00000e-06  1.00000e-06
       3988.0000  1.00000e-06  1.00000e-06
       3994.0000  1.00000e-06  1.00000e-06
       4000.0000  1.00000e-06  1.00000e-06
       4006.0000  1.00000e-06  1.00000e-06
       4012.0000  1.00000e-06  1.00000e-06
       4018.0000  1.00000e-06  1.00000e-06
       4024.0000  1.00000e-06  1.00000e-06
       4030.0000  1.00000e-06  1.00000e-06
       4036.0000  1.00000e-06  1.00000e-06
       4042.0000  1.00000e-06  1.00000e-06
       4048.0000  1.00000e-06  1.00000e-06
       4054.0000  1.00000e-06  1.00000e-06
       4060.0000  1.00000e-06  1.00000e-06
       4066.0000  1.00000e-06  1.00000e-06
       4072.0000  1.00000e-06  1.00000e-06
       4078.0000  1.00000e-06  1.00000e-06
       4084.0000  1.00000e-06  1.00000e-06
       4090.0000  1.00000e-06  1.00000e-06
       4096.0000  1.00000e-06  1.00000e-06
       4102.0000  1.00000e-06  1.00000e-06
       4108.0000  1.00000e-06  1.00000e-06
       4114.0000  1.00000e-06  1.00000e-06
       4120.0000  1.00000e-06  1.00000e-06
       4126.0000  1.00000e-06  1.00000e-06
       4132.0000  1.00000e-06  1.00000e-06
       4138.0000  1.00000e-06  1.00000e-06
       4144.0000  1.00000e-06  1.00000e-06
       4150.0000  1.00000e-06  1.00000e-06
       4156.0000  1.00000e-06  1.00000e-06
       4162.0000  1.00000e-06  1.00000e-06
       4168.0000  1.00000e-06  1.00000e-06
       4174.0000  1.00000e-06  1.00000e-06
       4180.0000  1.00000e-06  1.00000e-06
       4186.0000  1.00000e-06  1.00000e-06
       4192.0000  1.00000e-06  1.00000e-06
       4198.0000  1.00000e-06  1.00000e-06
       4204.0000  1.00000e-06  1.00000e-06
       4210.0000  1.00000e-06  1.00000e-06
       4216.0000  1.00000e-06  1.00000e-06
       4222.0000  1.00000e-06  1.00000e-06
       4228.0000  1.00000e-06  1.00000e-06
       4234.0000  1.00000e-06  1.00000e-06
       4240.0000  1.00000e-06  1.00000e-06
       4246.0000  1.00000e-06  1.00000e-06
       4252.0000  1.00000e-06  1.00000e-06
       4258.0000  1.00000e-06  1.00000e-06
       4264.0000  1.00000e-06  1.00000e-06
       4270.0000  1.00000e-06  1.00000e-06
       4276.0000  1.00000e-06  1.00000e-06
       4282.0000  1.00000e-06  1.00000e-06
       4288.0000  1.00000e-06  1.00000e-06
       4294.0000  1.00000e-06  1.00000e-06
       4300.0000  1.00000e-06  1.00000e-06
       4306.0000  1.00000e-06  1.00000e-06
       4312.0000  1.00000e-06  1.00000e-06
       4318.0000  1.00000e-06  1.00000e-06
       4324.0000  1.00000e-06  1.00000e-06
       4330.0000  1.00000e-06  1.00000e-06
       4336.0000  1.00000e-06  1.00000e-06
       4342.0000  1.00000e-06  1.00000e-06
       4348.0000  1.00000e-06  1.00000e-06
       4354.0000  1.00000e-06  1.00000e-06
       4360.0000  1.00000e-06  1.00000e-06
       4366.0000  1.00000e-06  1.00000e-06
       4372.0000  1.00000e-06  1.00000e-06
       4378.0000  1.00000e-06  1.00000e-06
       4384.0000  1.00000e-06  1.00000e-06
       4390.0000  1.00000e-06  1.00000e-06
       4396.0000  1.00000e-06  1.00000e-06
       4402.0000  1.00000e-06  1.00000e-06
       4408.0000  1.00000e-06  1.00000e-06
       4414.0000  1.00000e-06  1.00000e-06
       4420.0000  1.00000e-06  1.00000e-06
       4426.0000  1.00000e-06  1.00000e-06
       4432.0000  1.00000e-06  1.00000e-06
       4438.0000  1.00000e-06  1.00000e-06
       4444.0000  1.00000e-06  1.00000e-06
       4450.0000  1.00000e-06  1.00000e-06
       4456.0000  1.00000e-06  1.00000e-06
       4462.0000  1.00000e-06  1.00000e-06
       4468.0000  1.00000e-06  1.00000e-06
       4474.0000  1.00000e-06  1.00000e-06
       4480.0000  1.00000e-06  1.00000e-06
       4486.0000  1.00000e-06  1.00000e-06
       4492.0000  1.00000e-06  1.00000e-06
       4498.0000  1.00000e-06  1.00000e-06
       4504.0000  1.00000e-06  1.00000e-06
       4510.0000  1.00000e-06  1.00000e-06
       4516.0000  1.00000e-06  1.00000e-06
       4522.0000  1.00000e-06  1.00000e-06
       4528.0000  1.00000e-06  1.00000e-06
       4534.0000  1.00000e-06  1.00000e-06
       4540.0000  1.00000e-06  1.00000e-06
       4546.0000  1.00000e-06  1.00000e-06
       4552.0000  1.00000e-06  1.00000e-06
       4558.0000  1.00000e-06  1.00000e-06
       4564.0000  1.00000e-06  1.00000e-06
       4570.0000  1.00000e-06  1.00000e-06
       4576.0000  1.00000e-06  1.00000e-06
       4582.0000  1.00000e-06  1.00000e-06
       4588.0000  1.00000e-06  1.00000e-06
       4594.0000  1.00000e-06  1.00000e-06
       4600.0000  1.00000e-06  1.00000e-06
       4606.0000  1.00000e-06  1.00000e-06
       4612.0000  1.00000e-06  1.00000e-06
       4618.0000  1.00000e-06  1.00000e-06
       4624.0000  1.00000e-06  1.00000e-06
       4630.0000  1.00000e-06  1.00000e-06
       4636.0000  1.00000e-06  1.00000e-06
       4642.0000  1.00000e-06  1.00000e-06
       4648.0000  1.00000e-06  1.00000e-06
       4654.0000  1.00000e-06  1.00000e-06
       4660.0000  1.00000e-06  1.00000e-06
       4666.0000  1.00000e-06  1.00000e-06
       4672.0000  1.00000e-06  1.00000e-06
       4678.0000  1.00000e-06  1.00000e-06
       4684.0000  1.00000e-06  1.00000e-06
       4690.0000  1.00000e-06  1.00000e-06
       4696.0000  1.00000e-06  1.00000e-06
       4702.0000  1.00000e-06  1.00000e-06
       4708.0000  1.00000e-06  1.00000e-06
       4714.0000  1.00000e-06  1.00000e-06
       4720.0000  1.00000e-06  1.00000e-06
       4726.0000  1.00000e-06  1.00000e-06
       4732.0000  1.00000e-06  1.00000e-06
       4738.0000  1.00000e-06  1.00000e-06
       4744.0000  1.00000e-06  1.00000e-06
       4750.0000  1.00000e-06  1.00000e-06
       4756.0000  1.00000e-06  1.00000e-06
       4762.0000  1.00000e-06  1.00000e-06
       4768.0000  1.00000e-06  1.00000e-06
       4774.0000  1.00000e-06  1.00000e-06
       4780.0000  1.00000e-06  1.00000e-06
       4786.0000  1.00000e-06  1.00000e-06
       4792.0000  1.00000e-06  1.00000e-06
       4798.0000  1.00000e-06  1.00000e-06
       4804.0000  1.00000e-06  1.00000e-06
       4810.0000  1.00000e-06  1.00000e-06
       4816.0000  1.00000e-06  1.00000e-06
       4822.0000  1.00000e-06  1.00000e-06
       4828.0000  1.00000e-06  1.00000e-06
       4834.0000  1.00000e-06  1.00000e-06
       4840.0000  1.00000e-06  1.00000e-06
       4846.0000  1.00000e-06  1.00000e-06
       4852.0000  1.00000e-06  1.00000e-06
       4858.0000  1.00000e-06  1.00000e-06
       4864.0000  1.00000e-06  1.00000e-06
       4870.0000  1.00000e-06  1.00000e-06
       4876.0000  1.00000e-06  1.00000e-06
       4882.0000  1.00000e-06  1.00000e-06
       4888.0000  1.00000e-06  1.00000e-06
       4894.0000  1.00000e-06  1.00000e-06
       4900.0000  1.00000e-06  1.00000e-06
       4906.0000  1.00000e-06  1.00000e-06
       4912.0000  1.00000e-06  1.00000e-06
       4918.0000  1.00000e-06  1.00000e-06
       4924.0000  1.00000e-06  1.00000e-06
       4930.0000  1.00000e-06  1.00000e-06
       4936.0000  1.00000e-06  1.00000e-06
       4942.0000  1.00000e-06  1.00000e-06
       4948.0000  1.00000e-06  1.00000e-06
       4954.0000  1.00000e-06  1.00000e-06
       4960.0000  1.00000e-06  1.00000e-06
       4966.0000  1.00000e-06  1.00000e-06
       4972.0000  1.00000e-06  1.00000e-06
       4978.0000  1.00000e-06  1.00000e-06
       4984.0000  1.00000e-06  1.00000e-06
       4990.0000  1.00000e-06  1.00000e-06
       4996.0000  1.00000e-06  1.00000e-06
       5002.0000  1.00000e-06  1.00000e-06
       5008.0000  1.00000e-06  1.00000e-06
       5014.0000  1.00000e-06  1.00000e-06
       5020.0000  1.00000e-06  1.00000e-06
       5026.0000  1.00000e-06  1.00000e-06
       5032.0000  1.00000e-06  1.00000e-06
       5038.0000  1.00000e-06  1.65758e-06
       5044.0000  1.00000e-06  3.10620e-06
       5050.0000  1.00000e-06  4.60503e-06
       5056.0000  1.00000e-06  7.20047e-06
       5062.0000  1.00000e-06  9.79590e-06
       5068.0000  1.00000e-06  1.19464e-05
       5074.0000  1.00000e-06  1.38398e-05
       5080.0000  1.00000e-06  1.56449e-05
       5086.0000  1.00000e-06  1.71438e-05
       5092.0000  1.00000e-06  1.86426e-05
       5098.0000  1.00000e-06  2.09671e-05
       5104.0000  1.00000e-06  2.34810e-05
       5110.0000  1.00000e-06  2.75741e-05
       5116.0000  1.00000e-06  3.40037e-05
       5122.0000  1.00000e-06  4.04332e-05
       5128.0000  1.00000e-06  4.42524e-05
       5134.0000  1.00000e-06  4.80537e-05
       5140.0000  1.00000e-06  5.15027e-05
       5146.0000  1.00000e-06  5.46998e-05
       5152.0000  1.00000e-06  5.83401e-05
       5158.0000  1.00000e-06  6.41010e-05
       5164.0000  1.00000e-06  6.98619e-05
       5170.0000  1.00000e-06  7.32624e-05
       5176.0000  1.00000e-06  7.59285e-05
       5182.0000  1.00000e-06  7.78567e-05
       5188.0000  1.00000e-06  7.84299e-05
       5194.0000  1.00000e-06  7.90032e-05
       5200.0000  1.00000e-06  7.80153e-05
       5206.0000  1.00000e-06  7.69320e-05
       5212.0000  1.00000e-06  7.47060e-05
       5218.0000  1.00000e-06  7.14757e-05
       5224.0000  1.00000e-06  6.82853e-05
       5230.0000  1.00000e-06  6.53823e-05
       5236.0000  1.00000e-06  6.24793e-05
       5242.0000  1.00000e-06  6.38986e-05
       5248.0000  1.00000e-06  6.70671e-05
       5254.0000  1.00000e-06  7.06789e-05
       5260.0000  1.00000e-06  7.53164e-05
       5266.0000  1.00000e-06  7.99538e-05
       5272.0000  1.00000e-06  7.84921e-05
       5278.0000  1.00000e-06  7.62888e-05
       5284.0000  1.00000e-06  7.26099e-05
       5290.0000  1.00000e-06  6.73427e-05
       5296.0000  1.00000e-06  6.29112e-05
       5302.0000  1.00000e-06  6.93402e-05
       5308.0000  1.00000e-06  7.57692e-05
       5314.0000  1.00000e-06  8.11395e-05
       5320.0000  1.00000e-06  8.59674e-05
       5326.0000  1.00000e-06  8.92621e-05
       5332.0000  1.00000e-06  8.79849e-05
       5338.0000  1.00000e-06  8.67077e-05
       5344.0000  1.00000e-06  8.53951e-05
       5350.0000  1.00000e-06  8.40758e-05
       5356.0000  1.00000e-06  8.36057e-05
       5362.0000  1.00000e-06  8.42574e-05
       5368.0000  1.00000e-06  8.49004e-05
       5374.0000  1.00000e-06  8.51313e-05
       5380.0000  1.00000e-06  8.53622e-05
       5386.0000  1.00000e-06  8.55880e-05
       5392.0000  1.00000e-06  8.58105e-05
       5398.0000  1.00000e-06  8.56081e-05
       5404.0000  1.00000e-06  8.37097e-05
       5410.0000  1.00000e-06  8.18113e-05
       5416.0000  1.00000e-06  7.59456e-05
       5422.0000  1.00000e-06  6.90267e-05
       5428.0000  1.00000e-06  6.54517e-05
       5434.0000  1.00000e-06  6.73316e-05
       5440.0000  1.00000e-06  6.92115e-05
       5446.0000  1.00000e-06  6.88569e-05
       5452.0000  1.00000e-06  6.84329e-05
       5458.0000  1.00000e-06  7.01105e-05
       5464.0000  1.00000e-06  7.34412e-05
       5470.0000  1.00000e-06  7.65457e-05
       5476.0000  1.00000e-06  7.83646e-05
       5482.0000  1.00000e-06  8.01836e-05
       5488.0000  1.00000e-06  8.37444e-05
       5494.0000  1.00000e-06  8.79190e-05
