      -500.00000  1.00000e-06  0.000105112
      -494.00000  1.00000e-06  0.000101233
      -488.00000  1.00000e-06  9.67420e-05
      -482.00000  1.00000e-06  9.29066e-05
      -476.00000  1.00000e-06  9.15483e-05
      -470.00000  1.00000e-06  9.01900e-05
      -464.00000  1.00000e-06  8.95800e-05
      -458.00000  1.00000e-06  8.91513e-05
      -452.00000  1.00000e-06  8.90673e-05
      -446.00000  1.00000e-06  8.94989e-05
      -440.00000  1.00000e-06  8.99304e-05
      -434.00000  1.00000e-06  8.75362e-05
      -428.00000  1.00000e-06  8.51319e-05
      -422.00000  1.00000e-06  8.31626e-05
      -416.00000  1.00000e-06  8.14928e-05
      -410.00000  1.00000e-06  8.17561e-05
      -404.00000  1.00000e-06  9.03720e-05
      -398.00000  1.00000e-06  9.89879e-05
      -392.00000  1.00000e-06  0.000104914
      -386.00000  1.00000e-06  0.000110097
      -380.00000  1.00000e-06  0.000110098
      -374.00000  1.00000e-06  0.000101624
      -368.00000  1.00000e-06  9.31495e-05
      -362.00000  1.00000e-06  9.22021e-05
      -356.00000  1.00000e-06  9.14462e-05
      -350.00000  1.00000e-06  9.29675e-05
      -344.00000  1.00000e-06  9.62001e-05
      -338.00000  1.00000e-06  9.89847e-05
      -332.00000  1.00000e-06  9.95300e-05
      -326.00000  1.00000e-06  0.000100075
      -320.00000  1.00000e-06  9.61927e-05
      -314.00000  1.00000e-06  9.09304e-05
      -308.00000  1.00000e-06  8.82932e-05
      -302.00000  1.00000e-06  9.03605e-05
      -296.00000  1.00000e-06  9.24279e-05
      -290.00000  1.00000e-06  9.25863e-05
      -284.00000  1.00000e-06  9.26525e-05
      -278.00000  1.00000e-06  9.39169e-05
      -272.00000  1.00000e-06  9.61629e-05
      -266.00000  1.00000e-06  9.85801e-05
      -260.00000  1.00000e-06  0.000102003
      -254.00000  1.00000e-06  0.000105426
      -248.00000  1.00000e-06  0.000111144
      -242.00000  1.00000e-06  0.000117664
      -236.00000  1.00000e-06  0.000119715
      -230.00000  1.00000e-06  0.000112968
      -224.00000  1.00000e-06  0.000106221
      -218.00000  1.00000e-06  0.000106067
      -212.00000  1.00000e-06  0.000106390
      -206.00000  1.00000e-06  0.000108599
      -200.00000  1.00000e-06  0.000112492
      -194.00000  1.00000e-06  0.000116306
      -188.00000  1.00000e-06  0.000119560
      -182.00000  1.00000e-06  0.000122814
      -176.00000  1.00000e-06  0.000125115
      -170.00000  1.00000e-06  0.000127044
      -164.00000  1.00000e-06  0.000131062
      -158.00000  1.00000e-06  0.000139611
      -152.00000  1.00000e-06  0.000148160
      -146.00000  1.00000e-06  0.000154554
      -140.00000  1.00000e-06  0.000160739
      -134.00000  1.00000e-06  0.000165395
      -128.00000  1.00000e-06  0.000168563
      -122.00000  1.00000e-06  0.000172370
      -116.00000  1.00000e-06  0.000181754
      -110.00000  1.00000e-06  0.000191137
      -104.00000  1.00000e-06  0.000205673
      -98.000000  1.00000e-06  0.000222432
      -92.000000  1.00000e-06  0.000240857
      -86.000000  1.00000e-06  0.000263279
      -80.000000  1.00000e-06  0.000285701
      -74.000000  1.00000e-06  0.000322824
      -68.000000  1.00000e-06  0.000361762
      -62.000000  1.00000e-06  0.000413504
      -56.000000  1.00000e-06  0.000478798
      -50.000000  1.00000e-06  0.000554376
      -44.000000  1.00000e-06  0.000745751
      -38.000000  1.00000e-06  0.000937126
      -32.000000  1.00000e-06   0.00141862
      -26.000000  1.00000e-06   0.00203834
      -20.000000  1.00000e-06   0.00296838
      -14.000000  1.00000e-06   0.00472461
      -8.0000000  1.00000e-06   0.00648084
      -2.0000000  1.00000e-06    0.0102727
       4.0000000  1.00000e-06    0.0143720
       10.000000  1.00000e-06    0.0201981
       16.000000  1.00000e-06    0.0280146
       22.000000  1.00000e-06    0.0360953
       28.000000  1.00000e-06    0.0482943
       34.000000  1.00000e-06    0.0604933
       40.000000  1.00000e-06    0.0751243
       46.000000  1.00000e-06    0.0910305
       52.000000  1.00000e-06     0.107337
       58.000000  1.00000e-06     0.124832
       64.000000  1.00000e-06     0.142328
       70.000000  1.00000e-06     0.158203
       76.000000  1.00000e-06     0.173785
       82.000000  1.00000e-06     0.186985
       88.000000  1.00000e-06     0.197193
       94.000000  1.00000e-06     0.207088
       100.00000  1.00000e-06     0.209293
       106.00000  1.00000e-06     0.211497
       112.00000  1.00000e-06     0.208415
       118.00000  1.00000e-06     0.202290
       124.00000  1.00000e-06     0.194693
       130.00000  1.00000e-06     0.182183
       136.00000  1.00000e-06     0.169674
       142.00000  1.00000e-06     0.154170
       148.00000  1.00000e-06     0.138036
       154.00000  1.00000e-06     0.121727
       160.00000  1.00000e-06     0.105180
       166.00000  1.00000e-06    0.0886780
       172.00000  1.00000e-06    0.0746957
       178.00000  1.00000e-06    0.0607133
       184.00000  1.00000e-06    0.0492524
       190.00000  1.00000e-06    0.0393800
       196.00000  1.00000e-06    0.0303265
       202.00000  1.00000e-06    0.0243681
       208.00000  1.00000e-06    0.0184096
       214.00000  1.00000e-06    0.0148140
       220.00000  1.00000e-06    0.0117908
       226.00000  1.00000e-06   0.00950065
       232.00000  1.00000e-06   0.00830659
       238.00000  1.00000e-06   0.00711254
       244.00000  1.00000e-06   0.00691136
       250.00000  1.00000e-06   0.00671370
       256.00000  1.00000e-06   0.00685991
       262.00000  1.00000e-06   0.00724289
       268.00000  1.00000e-06   0.00770908
       274.00000  1.00000e-06   0.00853474
       280.00000  1.00000e-06   0.00936041
       286.00000  1.00000e-06    0.0104429
       292.00000  1.00000e-06    0.0115962
       298.00000  1.00000e-06    0.0128772
       304.00000  1.00000e-06    0.0143671
       310.00000  1.00000e-06    0.0158570
       316.00000  1.00000e-06    0.0175400
       322.00000  1.00000e-06    0.0192278
       328.00000  1.00000e-06    0.0209054
       334.00000  1.00000e-06    0.0225751
       340.00000  1.00000e-06    0.0242054
       346.00000  1.00000e-06    0.0256381
       352.00000  1.00000e-06    0.0270707
       358.00000  1.00000e-06    0.0283014
       364.00000  1.00000e-06    0.0294691
       370.00000  1.00000e-06    0.0305467
       376.00000  1.00000e-06    0.0314628
       382.00000  1.00000e-06    0.0323790
       388.00000  1.00000e-06    0.0329680
       394.00000  1.00000e-06    0.0335412
       400.00000  1.00000e-06    0.0338241
       406.00000  1.00000e-06    0.0338693
       412.00000  1.00000e-06    0.0338614
       418.00000  1.00000e-06    0.0335419
       424.00000  1.00000e-06    0.0332225
       430.00000  1.00000e-06    0.0327736
       436.00000  1.00000e-06    0.0322796
       442.00000  1.00000e-06    0.0318041
       448.00000  1.00000e-06    0.0313650
       454.00000  1.00000e-06    0.0309259
       460.00000  1.00000e-06    0.0307675
       466.00000  1.00000e-06    0.0306294
       472.00000  1.00000e-06    0.0306311
       478.00000  1.00000e-06    0.0307575
       484.00000  1.00000e-06    0.0309044
       490.00000  1.00000e-06    0.0311964
       496.00000  1.00000e-06    0.0314883
       502.00000  1.00000e-06    0.0319108
       508.00000  1.00000e-06    0.0323841
       514.00000  1.00000e-06    0.0329211
       520.00000  1.00000e-06    0.0335963
       526.00000  1.00000e-06    0.0342715
       532.00000  1.00000e-06    0.0351661
       538.00000  1.00000e-06    0.0360820
       544.00000  1.00000e-06    0.0370179
       550.00000  1.00000e-06    0.0379731
       556.00000  1.00000e-06    0.0389352
       562.00000  1.00000e-06    0.0399578
       568.00000  1.00000e-06    0.0409804
       574.00000  1.00000e-06    0.0420613
       580.00000  1.00000e-06    0.0431673
       586.00000  1.00000e-06    0.0443021
       592.00000  1.00000e-06    0.0455056
       598.00000  1.00000e-06    0.0467091
       604.00000  1.00000e-06    0.0481160
       610.00000  1.00000e-06    0.0495480
       616.00000  1.00000e-06    0.0511139
       622.00000  1.00000e-06    0.0528215
       628.00000  1.00000e-06    0.0545392
       634.00000  1.00000e-06    0.0563718
       640.00000  1.00000e-06    0.0582043
       646.00000  1.00000e-06    0.0600144
       652.00000  1.00000e-06    0.0618140
       658.00000  1.00000e-06    0.0636373
       664.00000  1.00000e-06    0.0655241
       670.00000  1.00000e-06    0.0674108
       676.00000  1.00000e-06    0.0694099
       682.00000  1.00000e-06    0.0714260
       688.00000  1.00000e-06    0.0733515
       694.00000  1.00000e-06    0.0751726
       700.00000  1.00000e-06    0.0769548
       706.00000  1.00000e-06    0.0781284
       712.00000  1.00000e-06    0.0793020
       718.00000  1.00000e-06    0.0800718
       724.00000  1.00000e-06    0.0806299
       730.00000  1.00000e-06    0.0811643
       736.00000  1.00000e-06    0.0816286
       742.00000  1.00000e-06    0.0820929
       748.00000  1.00000e-06    0.0826900
       754.00000  1.00000e-06    0.0833110
       760.00000  1.00000e-06    0.0840681
       766.00000  1.00000e-06    0.0849959
       772.00000  1.00000e-06    0.0859375
       778.00000  1.00000e-06    0.0872187
       784.00000  1.00000e-06    0.0884999
       790.00000  1.00000e-06    0.0900719
       796.00000  1.00000e-06    0.0918112
       802.00000  1.00000e-06    0.0935873
       808.00000  1.00000e-06    0.0954860
       814.00000  1.00000e-06    0.0973847
       820.00000  1.00000e-06    0.0991774
       826.00000  1.00000e-06     0.100948
       832.00000  1.00000e-06     0.102753
       838.00000  1.00000e-06     0.104605
       844.00000  1.00000e-06     0.106459
       850.00000  1.00000e-06     0.108438
       856.00000  1.00000e-06     0.110418
       862.00000  1.00000e-06     0.112507
       868.00000  1.00000e-06     0.114664
       874.00000  1.00000e-06     0.116886
       880.00000  1.00000e-06     0.119352
       886.00000  1.00000e-06     0.121817
       892.00000  1.00000e-06     0.124364
       898.00000  1.00000e-06     0.126929
       904.00000  1.00000e-06     0.129488
       910.00000  1.00000e-06     0.132036
       916.00000  1.00000e-06     0.134585
       922.00000  1.00000e-06     0.136989
       928.00000  1.00000e-06     0.139394
       934.00000  1.00000e-06     0.141838
       940.00000  1.00000e-06     0.144310
       946.00000  1.00000e-06     0.146811
       952.00000  1.00000e-06     0.149438
       958.00000  1.00000e-06     0.152064
       964.00000  1.00000e-06     0.154698
       970.00000  1.00000e-06     0.157333
       976.00000  1.00000e-06     0.159836
       982.00000  1.00000e-06     0.162123
       988.00000  1.00000e-06     0.164410
       994.00000  1.00000e-06     0.166148
       1000.0000  1.00000e-06     0.167872
       1006.0000  1.00000e-06     0.169148
       1012.0000  1.00000e-06     0.170088
       1018.0000  1.00000e-06     0.170912
       1024.0000  1.00000e-06     0.171156
       1030.0000  1.00000e-06     0.171400
       1036.0000  1.00000e-06     0.171295
       1042.0000  1.00000e-06     0.171081
       1048.0000  1.00000e-06     0.170681
       1054.0000  1.00000e-06     0.169949
       1060.0000  1.00000e-06     0.169216
       1066.0000  1.00000e-06     0.168464
       1072.0000  1.00000e-06     0.167710
       1078.0000  1.00000e-06     0.167068
       1084.0000  1.00000e-06     0.166517
       1090.0000  1.00000e-06     0.166031
       1096.0000  1.00000e-06     0.165923
       1102.0000  1.00000e-06     0.165815
       1108.0000  1.00000e-06     0.166255
       1114.0000  1.00000e-06     0.166887
       1120.0000  1.00000e-06     0.167719
       1126.0000  1.00000e-06     0.168946
       1132.0000  1.00000e-06     0.170174
       1138.0000  1.00000e-06     0.171869
       1144.0000  1.00000e-06     0.173599
       1150.0000  1.00000e-06     0.175716
       1156.0000  1.00000e-06     0.178180
       1162.0000  1.00000e-06     0.180721
       1168.0000  1.00000e-06     0.183796
       1174.0000  1.00000e-06     0.186871
       1180.0000  1.00000e-06     0.189935
       1186.0000  1.00000e-06     0.192995
       1192.0000  1.00000e-06     0.196022
       1198.0000  1.00000e-06     0.198979
       1204.0000  1.00000e-06     0.201935
       1210.0000  1.00000e-06     0.204997
       1216.0000  1.00000e-06     0.208070
       1222.0000  1.00000e-06     0.211101
       1228.0000  1.00000e-06     0.214090
       1234.0000  1.00000e-06     0.217045
       1240.0000  1.00000e-06     0.219685
       1246.0000  1.00000e-06     0.222325
       1252.0000  1.00000e-06     0.224711
       1258.0000  1.00000e-06     0.226986
       1264.0000  1.00000e-06     0.229080
       1270.0000  1.00000e-06     0.230735
       1276.0000  1.00000e-06     0.232390
       1282.0000  1.00000e-06     0.233367
       1288.0000  1.00000e-06     0.234261
       1294.0000  1.00000e-06     0.234827
       1300.0000  1.00000e-06     0.235048
       1306.0000  1.00000e-06     0.235204
       1312.0000  1.00000e-06     0.234623
       1318.0000  1.00000e-06     0.234042
       1324.0000  1.00000e-06     0.233007
       1330.0000  1.00000e-06     0.231758
       1336.0000  1.00000e-06     0.230473
       1342.0000  1.00000e-06     0.229097
       1348.0000  1.00000e-06     0.227721
       1354.0000  1.00000e-06     0.226280
       1360.0000  1.00000e-06     0.224830
       1366.0000  1.00000e-06     0.223521
       1372.0000  1.00000e-06     0.222375
       1378.0000  1.00000e-06     0.221255
       1384.0000  1.00000e-06     0.220532
       1390.0000  1.00000e-06     0.219808
       1396.0000  1.00000e-06     0.219223
       1402.0000  1.00000e-06     0.218711
       1408.0000  1.00000e-06     0.218209
       1414.0000  1.00000e-06     0.217738
       1420.0000  1.00000e-06     0.217267
       1426.0000  1.00000e-06     0.216500
       1432.0000  1.00000e-06     0.215679
       1438.0000  1.00000e-06     0.214598
       1444.0000  1.00000e-06     0.213190
       1450.0000  1.00000e-06     0.211751
       1456.0000  1.00000e-06     0.209534
       1462.0000  1.00000e-06     0.207317
       1468.0000  1.00000e-06     0.204453
       1474.0000  1.00000e-06     0.201217
       1480.0000  1.00000e-06     0.197767
       1486.0000  1.00000e-06     0.193604
       1492.0000  1.00000e-06     0.189441
       1498.0000  1.00000e-06     0.184340
       1504.0000  1.00000e-06     0.179042
       1510.0000  1.00000e-06     0.173257
       1516.0000  1.00000e-06     0.166808
       1522.0000  1.00000e-06     0.160342
       1528.0000  1.00000e-06     0.152923
       1534.0000  1.00000e-06     0.145505
       1540.0000  1.00000e-06     0.137569
       1546.0000  1.00000e-06     0.129307
       1552.0000  1.00000e-06     0.120971
       1558.0000  1.00000e-06     0.112354
       1564.0000  1.00000e-06     0.103737
       1570.0000  1.00000e-06    0.0951912
       1576.0000  1.00000e-06    0.0866628
       1582.0000  1.00000e-06    0.0783705
       1588.0000  1.00000e-06    0.0704312
       1594.0000  1.00000e-06    0.0624920
       1600.0000  1.00000e-06    0.0555440
       1606.0000  1.00000e-06    0.0485996
       1612.0000  1.00000e-06    0.0423840
       1618.0000  1.00000e-06    0.0366703
       1624.0000  1.00000e-06    0.0312186
       1630.0000  1.00000e-06    0.0268987
       1636.0000  1.00000e-06    0.0225789
       1642.0000  1.00000e-06    0.0193448
       1648.0000  1.00000e-06    0.0164105
       1654.0000  1.00000e-06    0.0139200
       1660.0000  1.00000e-06    0.0121552
       1666.0000  1.00000e-06    0.0103904
       1672.0000  1.00000e-06   0.00949662
       1678.0000  1.00000e-06   0.00862500
       1684.0000  1.00000e-06   0.00815820
       1690.0000  1.00000e-06   0.00799568
       1696.0000  1.00000e-06   0.00793833
       1702.0000  1.00000e-06   0.00840695
       1708.0000  1.00000e-06   0.00887558
       1714.0000  1.00000e-06   0.00987435
       1720.0000  1.00000e-06    0.0110384
       1726.0000  1.00000e-06    0.0125228
       1732.0000  1.00000e-06    0.0145815
       1738.0000  1.00000e-06    0.0166402
       1744.0000  1.00000e-06    0.0197805
       1750.0000  1.00000e-06    0.0229732
       1756.0000  1.00000e-06    0.0268830
       1762.0000  1.00000e-06    0.0313804
       1768.0000  1.00000e-06    0.0360834
       1774.0000  1.00000e-06    0.0419953
       1780.0000  1.00000e-06    0.0479071
       1786.0000  1.00000e-06    0.0549993
       1792.0000  1.00000e-06    0.0625040
       1798.0000  1.00000e-06    0.0705068
       1804.0000  1.00000e-06    0.0794904
       1810.0000  1.00000e-06    0.0884740
       1816.0000  1.00000e-06    0.0987186
       1822.0000  1.00000e-06     0.109054
       1828.0000  1.00000e-06     0.120030
       1834.0000  1.00000e-06     0.131576
       1840.0000  1.00000e-06     0.143218
       1846.0000  1.00000e-06     0.155535
       1852.0000  1.00000e-06     0.167852
       1858.0000  1.00000e-06     0.180240
       1864.0000  1.00000e-06     0.192655
       1870.0000  1.00000e-06     0.204936
       1876.0000  1.00000e-06     0.216927
       1882.0000  1.00000e-06     0.228918
       1888.0000  1.00000e-06     0.240116
       1894.0000  1.00000e-06     0.251237
       1900.0000  1.00000e-06     0.261703
       1906.0000  1.00000e-06     0.271534
       1912.0000  1.00000e-06     0.281205
       1918.0000  1.00000e-06     0.289482
       1924.0000  1.00000e-06     0.297759
       1930.0000  1.00000e-06     0.305358
       1936.0000  1.00000e-06     0.312665
       1942.0000  1.00000e-06     0.319685
       1948.0000  1.00000e-06     0.326019
       1954.0000  1.00000e-06     0.332353
       1960.0000  1.00000e-06     0.337847
       1966.0000  1.00000e-06     0.343237
       1972.0000  1.00000e-06     0.348487
       1978.0000  1.00000e-06     0.353587
       1984.0000  1.00000e-06     0.358679
       1990.0000  1.00000e-06     0.363666
       1996.0000  1.00000e-06     0.368653
       2002.0000  1.00000e-06     0.373428
       2008.0000  1.00000e-06     0.378102
       2014.0000  1.00000e-06     0.382747
       2020.0000  1.00000e-06     0.387314
       2026.0000  1.00000e-06     0.391881
       2032.0000  1.00000e-06     0.396319
       2038.0000  1.00000e-06     0.400739
       2044.0000  1.00000e-06     0.404827
       2050.0000  1.00000e-06     0.408534
       2056.0000  1.00000e-06     0.412191
       2062.0000  1.00000e-06     0.415068
       2068.0000  1.00000e-06     0.417945
       2074.0000  1.00000e-06     0.420535
       2080.0000  1.00000e-06     0.422975
       2086.0000  1.00000e-06     0.425312
       2092.0000  1.00000e-06     0.427345
       2098.0000  1.00000e-06     0.429377
       2104.0000  1.00000e-06     0.431146
       2110.0000  1.00000e-06     0.432867
       2116.0000  1.00000e-06     0.434468
       2122.0000  1.00000e-06     0.435918
       2128.0000  1.00000e-06     0.437335
       2134.0000  1.00000e-06     0.437928
       2140.0000  1.00000e-06     0.438521
       2146.0000  1.00000e-06     0.438240
       2152.0000  1.00000e-06     0.437455
       2158.0000  1.00000e-06     0.436430
       2164.0000  1.00000e-06     0.434598
       2170.0000  1.00000e-06     0.432765
       2176.0000  1.00000e-06     0.430618
       2182.0000  1.00000e-06     0.428404
       2188.0000  1.00000e-06     0.425866
       2194.0000  1.00000e-06     0.422882
       2200.0000  1.00000e-06     0.419876
       2206.0000  1.00000e-06     0.415578
       2212.0000  1.00000e-06     0.411279
       2218.0000  1.00000e-06     0.406153
       2224.0000  1.00000e-06     0.400504
       2230.0000  1.00000e-06     0.394640
       2236.0000  1.00000e-06     0.387961
       2242.0000  1.00000e-06     0.381283
       2248.0000  1.00000e-06     0.374003
       2254.0000  1.00000e-06     0.366579
       2260.0000  1.00000e-06     0.358911
       2266.0000  1.00000e-06     0.350880
       2272.0000  1.00000e-06     0.342849
       2278.0000  1.00000e-06     0.334607
       2284.0000  1.00000e-06     0.326364
       2290.0000  1.00000e-06     0.318103
       2296.0000  1.00000e-06     0.309829
       2302.0000  1.00000e-06     0.301482
       2308.0000  1.00000e-06     0.292819
       2314.0000  1.00000e-06     0.284156
       2320.0000  1.00000e-06     0.275634
       2326.0000  1.00000e-06     0.267151
       2332.0000  1.00000e-06     0.258722
       2338.0000  1.00000e-06     0.250379
       2344.0000  1.00000e-06     0.242037
       2350.0000  1.00000e-06     0.233244
       2356.0000  1.00000e-06     0.224440
       2362.0000  1.00000e-06     0.215228
       2368.0000  1.00000e-06     0.205710
       2374.0000  1.00000e-06     0.196122
       2380.0000  1.00000e-06     0.186181
       2386.0000  1.00000e-06     0.176240
       2392.0000  1.00000e-06     0.165785
       2398.0000  1.00000e-06     0.155169
       2404.0000  1.00000e-06     0.144455
       2410.0000  1.00000e-06     0.133564
       2416.0000  1.00000e-06     0.122674
       2422.0000  1.00000e-06     0.112311
       2428.0000  1.00000e-06     0.101974
       2434.0000  1.00000e-06    0.0921581
       2440.0000  1.00000e-06    0.0827684
       2446.0000  1.00000e-06    0.0735395
       2452.0000  1.00000e-06    0.0652565
       2458.0000  1.00000e-06    0.0569736
       2464.0000  1.00000e-06    0.0497468
       2470.0000  1.00000e-06    0.0428889
       2476.0000  1.00000e-06    0.0365615
       2482.0000  1.00000e-06    0.0312784
       2488.0000     0.629046    0.0259953
       2494.0000     0.863284    0.0221944
       2500.0000     0.958579    0.0185005
       2506.0000     0.308078    0.0155046
       2512.0000  1.00000e-06    0.0131318
       2518.0000  1.00000e-06    0.0108752
       2524.0000  1.00000e-06   0.00943861
       2530.0000  1.00000e-06   0.00800202
       2536.0000  1.00000e-06   0.00702241
       2542.0000  1.00000e-06   0.00622073
       2548.0000  1.00000e-06   0.00554572
       2554.0000  1.00000e-06   0.00514551
       2560.0000  1.00000e-06   0.00474529
       2566.0000  1.00000e-06   0.00452753
       2572.0000  1.00000e-06   0.00432754
       2578.0000  1.00000e-06   0.00416766
       2584.0000  1.00000e-06   0.00404677
       2590.0000  1.00000e-06   0.00393064
       2596.0000  1.00000e-06   0.00385611
       2602.0000  1.00000e-06   0.00378158
       2608.0000  1.00000e-06   0.00371739
       2614.0000     0.214732   0.00365767
       2620.0000     0.996908   0.00360397
       2626.0000      1.64034   0.00356471
       2632.0000      2.25666   0.00352545
       2638.0000      3.02056   0.00350864
       2644.0000      3.66198   0.00349461
       2650.0000      3.92701   0.00347979
       2656.0000      4.05033   0.00346412
       2662.0000      3.89905   0.00344641
       2668.0000      3.31144   0.00340567
       2674.0000      2.43106   0.00336493
       2680.0000      1.80036   0.00331181
       2686.0000      1.39972   0.00325278
       2692.0000      1.09964   0.00319803
       2698.0000      1.01787   0.00315466
       2704.0000     0.999336   0.00311129
       2710.0000     0.845400   0.00307404
       2716.0000     0.764614   0.00303771
       2722.0000     0.909953   0.00298831
       2728.0000      1.15050   0.00292383
       2734.0000      1.34728   0.00285951
       2740.0000      1.66069   0.00279757
       2746.0000      1.88365   0.00273563
       2752.0000      1.79231   0.00268066
       2758.0000      1.65310   0.00262936
       2764.0000      1.58932   0.00256440
       2770.0000      1.64465   0.00245880
       2776.0000      1.77747   0.00235320
       2782.0000      2.00075   0.00229258
       2788.0000      2.22610   0.00224005
       2794.0000      2.68661   0.00220031
       2800.0000      3.49869   0.00217665
       2806.0000      4.55841   0.00215293
       2812.0000      5.94733   0.00212790
       2818.0000      8.15184   0.00210288
       2824.0000      11.4261   0.00205984
       2830.0000      15.4522   0.00200643
       2836.0000      19.5510   0.00195183
       2842.0000      23.7434   0.00189322
       2848.0000      28.3757   0.00183462
       2854.0000      33.4295   0.00178611
       2860.0000      38.9993   0.00173973
       2866.0000      45.2708   0.00169280
       2872.0000      52.0460   0.00164511
       2878.0000      58.8862   0.00159770
       2884.0000      65.1180   0.00156559
       2890.0000      69.4889   0.00153347
       2896.0000      72.0744   0.00150451
       2902.0000      73.5991   0.00147753
       2908.0000      74.6942   0.00144533
       2914.0000      75.2416   0.00139339
       2920.0000      75.1723   0.00134144
       2926.0000      74.1465   0.00127408
       2932.0000      72.3062   0.00120298
       2938.0000      70.4427   0.00113623
       2944.0000      68.9622   0.00107600
       2950.0000      67.3357   0.00101576
       2956.0000      65.4132  0.000977903
       2962.0000      63.1099  0.000940124
       2968.0000      59.8548  0.000910726
       2974.0000      55.7137  0.000887101
       2980.0000      51.6568  0.000862726
       2986.0000      48.4786  0.000835102
       2992.0000      46.5789  0.000807477
       2998.0000      46.2076  0.000777678
       3004.0000      45.8078  0.000747277
       3010.0000      43.7425  0.000721120
       3016.0000      39.7757  0.000701904
       3022.0000      35.0069  0.000682689
       3028.0000      30.4057  0.000659761
       3034.0000      26.2603  0.000636739
       3040.0000      22.6558  0.000611404
       3046.0000      19.4582  0.000584330
       3052.0000      17.0935  0.000558644
       3058.0000      14.6846  0.000539906
       3064.0000      10.9540  0.000521168
       3070.0000      6.30160  0.000503751
       3076.0000      2.17422  0.000486746
       3082.0000  1.00000e-06  0.000467847
       3088.0000  1.00000e-06  0.000445553
       3094.0000  1.00000e-06  0.000423259
       3100.0000  1.00000e-06  0.000400514
       3106.0000      2.08737  0.000377748
       3112.0000      5.00056  0.000359783
       3118.0000      5.96912  0.000345753
       3124.0000      4.82896  0.000332219
       3130.0000      2.82185  0.000321601
       3136.0000      1.34055  0.000310983
       3142.0000     0.310444  0.000304397
       3148.0000  1.00000e-06  0.000299219
       3154.0000  1.00000e-06  0.000297141
       3160.0000  1.00000e-06  0.000301167
       3166.0000  1.00000e-06  0.000305194
       3172.0000  1.00000e-06  0.000309664
       3178.0000  1.00000e-06  0.000314167
       3184.0000  1.00000e-06  0.000314146
       3190.0000  1.00000e-06  0.000310087
       3196.0000  1.00000e-06  0.000305238
       3202.0000  1.00000e-06  0.000294815
       3208.0000  1.00000e-06  0.000284392
       3214.0000  1.00000e-06  0.000274024
       3220.0000  1.00000e-06  0.000263678
       3226.0000  1.00000e-06  0.000254788
       3232.0000  1.00000e-06  0.000249057
       3238.0000  1.00000e-06  0.000243326
       3244.0000  1.00000e-06  0.000242955
       3250.0000  1.00000e-06  0.000243107
       3256.0000  1.00000e-06  0.000244055
       3262.0000  1.00000e-06  0.000245776
       3268.0000  1.00000e-06  0.000246266
       3274.0000  1.00000e-06  0.000236006
       3280.0000  1.00000e-06  0.000225746
       3286.0000  1.00000e-06  0.000214458
       3292.0000  1.00000e-06  0.000202727
       3298.0000  1.00000e-06  0.000194724
       3304.0000  1.00000e-06  0.000195663
       3310.0000     0.446252  0.000196602
       3316.0000      1.14709  0.000198574
       3322.0000    0.0991895  0.000200673
       3328.0000  1.00000e-06  0.000201525
       3334.0000  1.00000e-06  0.000201056
       3340.0000  1.00000e-06  0.000200453
       3346.0000  1.00000e-06  0.000198348
       3352.0000  1.00000e-06  0.000196242
       3358.0000  1.00000e-06  0.000198037
       3364.0000  1.00000e-06  0.000201691
       3370.0000  1.00000e-06  0.000206648
       3376.0000  1.00000e-06  0.000215079
       3382.0000  1.00000e-06  0.000223509
       3388.0000  1.00000e-06  0.000229607
       3394.0000     0.300695  0.000235352
       3400.0000      1.94388  0.000239420
       3406.0000      1.52120  0.000241554
       3412.0000  1.00000e-06  0.000242872
       3418.0000  1.00000e-06  0.000231438
       3424.0000  1.00000e-06  0.000220004
       3430.0000  1.00000e-06  0.000208313
       3436.0000  1.00000e-06  0.000196487
       3442.0000  1.00000e-06  0.000186298
       3448.0000  1.00000e-06  0.000180975
       3454.0000  1.00000e-06  0.000175652
       3460.0000  1.00000e-06  0.000174270
       3466.0000  1.00000e-06  0.000173597
       3472.0000  1.00000e-06  0.000171867
       3478.0000  1.00000e-06  0.000168809
       3484.0000  1.00000e-06  0.000166023
       3490.0000  1.00000e-06  0.000169968
       3496.0000  1.00000e-06  0.000173914
       3502.0000  1.00000e-06  0.000181366
       3508.0000  1.00000e-06  0.000190838
       3514.0000  1.00000e-06  0.000199168
       3520.0000  1.00000e-06  0.000203687
       3526.0000  1.00000e-06  0.000208206
       3532.0000  1.00000e-06  0.000202634
       3538.0000  1.00000e-06  0.000194938
       3544.0000  1.00000e-06  0.000188765
       3550.0000  1.00000e-06  0.000184678
       3556.0000  1.00000e-06  0.000180846
       3562.0000  1.00000e-06  0.000191178
       3568.0000  1.00000e-06  0.000201510
       3574.0000  1.00000e-06  0.000211132
       3580.0000  1.00000e-06  0.000220306
       3586.0000  1.00000e-06  0.000228940
       3592.0000  1.00000e-06  0.000235530
       3598.0000  1.00000e-06  0.000242121
       3604.0000  1.00000e-06  0.000243718
       3610.0000  1.00000e-06  0.000244105
       3616.0000  1.00000e-06  0.000240846
       3622.0000  1.00000e-06  0.000232129
       3628.0000  1.00000e-06  0.000223412
       3634.0000  1.00000e-06  0.000209506
       3640.0000  1.00000e-06  0.000195582
       3646.0000  1.00000e-06  0.000183622
       3652.0000  1.00000e-06  0.000173014
       3658.0000  1.00000e-06  0.000161869
       3664.0000  1.00000e-06  0.000148395
       3670.0000  1.00000e-06  0.000134922
       3676.0000  1.00000e-06  0.000122638
       3682.0000  1.00000e-06  0.000110681
       3688.0000  1.00000e-06  9.97458e-05
       3694.0000  1.00000e-06  9.04808e-05
       3700.0000  1.00000e-06  8.12158e-05
       3706.0000  1.00000e-06  7.82980e-05
       3712.0000  1.00000e-06  7.55426e-05
       3718.0000  1.00000e-06  7.38339e-05
       3724.0000  1.00000e-06  7.29120e-05
       3730.0000  1.00000e-06  7.08615e-05
       3736.0000  1.00000e-06  6.31632e-05
       3742.0000  1.00000e-06  5.54648e-05
       3748.0000  1.00000e-06  4.84014e-05
       3754.0000  1.00000e-06  4.15359e-05
       3760.0000  1.00000e-06  3.71772e-05
       3766.0000  1.00000e-06  3.73133e-05
       3772.0000  1.00000e-06  3.74494e-05
       3778.0000  1.00000e-06  2.82368e-05
       3784.0000  1.00000e-06  1.85714e-05
       3790.0000  1.00000e-06  1.13867e-05
       3796.0000  1.00000e-06  6.23564e-06
       3802.0000  1.00000e-06  1.78267e-06
       3808.0000  1.00000e-06  1.43620e-06
       3814.0000  1.00000e-06  1.08973e-06
       3820.0000  1.00000e-06  1.00000e-06
       3826.0000  1.00000e-06  1.00000e-06
       3832.0000  1.00000e-06  1.00000e-06
       3838.0000  1.00000e-06  1.00000e-06
       3844.0000  1.00000e-06  1.00000e-06
       3850.0000  1.00000e-06  1.00000e-06
       3856.0000  1.00000e-06  1.00000e-06
       3862.0000  1.00000e-06  1.00000e-06
       3868.0000  1.00000e-06  1.00000e-06
       3874.0000  1.00000e-06  1.00000e-06
       3880.0000  1.00000e-06  1.00000e-06
       3886.0000  1.00000e-06  1.00000e-06
       3892.0000  1.00000e-06  1.00000e-06
       3898.0000  1.00000e-06  1.00000e-06
       3904.0000  1.00000e-06  1.00000e-06
       3910.0000  1.00000e-06  1.00000e-06
       3916.0000  1.00000e-06  1.00000e-06
       3922.0000  1.00000e-06  1.00000e-06
       3928.0000  1.00000e-06  1.00000e-06
       3934.0000  1.00000e-06  1.00000e-06
       3940.0000  1.00000e-06  1.00000e-06
       3946.0000  1.00000e-06  1.00000e-06
       3952.0000  1.00000e-06  1.00000e-06
       3958.0000  1.00000e-06  1.00000e-06
       3964.0000  1.00000e-06  1.00000e-06
       3970.0000  1.00000e-06  1.00000e-06
       3976.0000  1.00000e-06  1.00000e-06
       3982.0000  1.00000e-06  1.00000e-06
       3988.0000  1.00000e-06  1.00000e-06
       3994.0000  1.00000e-06  1.00000e-06
       4000.0000  1.00000e-06  1.00000e-06
       4006.0000  1.00000e-06  1.00000e-06
       4012.0000  1.00000e-06  1.00000e-06
       4018.0000  1.00000e-06  1.00000e-06
       4024.0000  1.00000e-06  1.00000e-06
       4030.0000  1.00000e-06  1.00000e-06
       4036.0000  1.00000e-06  1.00000e-06
       4042.0000  1.00000e-06  1.00000e-06
       4048.0000  1.00000e-06  1.00000e-06
       4054.0000  1.00000e-06  1.00000e-06
       4060.0000  1.00000e-06  1.00000e-06
       4066.0000  1.00000e-06  1.00000e-06
       4072.0000  1.00000e-06  1.00000e-06
       4078.0000  1.00000e-06  1.00000e-06
       4084.0000  1.00000e-06  1.00000e-06
       4090.0000  1.00000e-06  1.00000e-06
       4096.0000  1.00000e-06  1.00000e-06
       4102.0000  1.00000e-06  1.00000e-06
       4108.0000  1.00000e-06  1.00000e-06
       4114.0000  1.00000e-06  1.00000e-06
       4120.0000  1.00000e-06  1.00000e-06
       4126.0000  1.00000e-06  1.00000e-06
       4132.0000  1.00000e-06  1.00000e-06
       4138.0000  1.00000e-06  1.00000e-06
       4144.0000  1.00000e-06  1.00000e-06
       4150.0000  1.00000e-06  1.00000e-06
       4156.0000  1.00000e-06  1.00000e-06
       4162.0000  1.00000e-06  1.00000e-06
       4168.0000  1.00000e-06  1.00000e-06
       4174.0000  1.00000e-06  1.00000e-06
       4180.0000  1.00000e-06  1.00000e-06
       4186.0000  1.00000e-06  1.00000e-06
       4192.0000  1.00000e-06  1.00000e-06
       4198.0000  1.00000e-06  1.00000e-06
       4204.0000  1.00000e-06  1.00000e-06
       4210.0000  1.00000e-06  1.00000e-06
       4216.0000  1.00000e-06  1.00000e-06
       4222.0000  1.00000e-06  1.00000e-06
       4228.0000  1.00000e-06  1.00000e-06
       4234.0000  1.00000e-06  1.00000e-06
       4240.0000  1.00000e-06  1.00000e-06
       4246.0000  1.00000e-06  1.00000e-06
       4252.0000  1.00000e-06  1.00000e-06
       4258.0000  1.00000e-06  1.00000e-06
       4264.0000  1.00000e-06  1.00000e-06
       4270.0000  1.00000e-06  1.00000e-06
       4276.0000  1.00000e-06  1.00000e-06
       4282.0000  1.00000e-06  1.00000e-06
       4288.0000  1.00000e-06  1.00000e-06
       4294.0000  1.00000e-06  1.00000e-06
       4300.0000  1.00000e-06  1.00000e-06
       4306.0000  1.00000e-06  1.00000e-06
       4312.0000  1.00000e-06  1.00000e-06
       4318.0000  1.00000e-06  1.00000e-06
       4324.0000  1.00000e-06  1.00000e-06
       4330.0000  1.00000e-06  1.00000e-06
       4336.0000  1.00000e-06  1.00000e-06
       4342.0000  1.00000e-06  1.00000e-06
       4348.0000  1.00000e-06  1.00000e-06
       4354.0000  1.00000e-06  1.00000e-06
       4360.0000  1.00000e-06  1.00000e-06
       4366.0000  1.00000e-06  1.00000e-06
       4372.0000  1.00000e-06  1.00000e-06
       4378.0000  1.00000e-06  1.00000e-06
       4384.0000  1.00000e-06  1.00000e-06
       4390.0000  1.00000e-06  1.00000e-06
       4396.0000  1.00000e-06  1.00000e-06
       4402.0000  1.00000e-06  1.00000e-06
       4408.0000  1.00000e-06  1.00000e-06
       4414.0000  1.00000e-06  1.00000e-06
       4420.0000  1.00000e-06  1.00000e-06
       4426.0000  1.00000e-06  1.00000e-06
       4432.0000  1.00000e-06  1.00000e-06
       4438.0000  1.00000e-06  1.00000e-06
       4444.0000  1.00000e-06  1.00000e-06
       4450.0000  1.00000e-06  1.00000e-06
       4456.0000  1.00000e-06  1.00000e-06
       4462.0000  1.00000e-06  1.00000e-06
       4468.0000  1.00000e-06  1.00000e-06
       4474.0000  1.00000e-06  1.00000e-06
       4480.0000  1.00000e-06  1.00000e-06
       4486.0000  1.00000e-06  1.00000e-06
       4492.0000  1.00000e-06  1.00000e-06
       4498.0000  1.00000e-06  1.00000e-06
       4504.0000  1.00000e-06  1.00000e-06
       4510.0000  1.00000e-06  1.00000e-06
       4516.0000  1.00000e-06  1.00000e-06
       4522.0000  1.00000e-06  1.00000e-06
       4528.0000  1.00000e-06  1.00000e-06
       4534.0000  1.00000e-06  1.00000e-06
       4540.0000  1.00000e-06  1.00000e-06
       4546.0000  1.00000e-06  1.00000e-06
       4552.0000  1.00000e-06  1.00000e-06
       4558.0000  1.00000e-06  1.00000e-06
       4564.0000  1.00000e-06  1.00000e-06
       4570.0000  1.00000e-06  1.00000e-06
       4576.0000  1.00000e-06  1.00000e-06
       4582.0000  1.00000e-06  1.00000e-06
       4588.0000  1.00000e-06  1.00000e-06
       4594.0000  1.00000e-06  1.00000e-06
       4600.0000  1.00000e-06  1.00000e-06
       4606.0000  1.00000e-06  1.00000e-06
       4612.0000  1.00000e-06  1.00000e-06
       4618.0000  1.00000e-06  1.00000e-06
       4624.0000  1.00000e-06  1.00000e-06
       4630.0000  1.00000e-06  1.00000e-06
       4636.0000  1.00000e-06  1.00000e-06
       4642.0000  1.00000e-06  1.00000e-06
       4648.0000  1.00000e-06  1.00000e-06
       4654.0000  1.00000e-06  1.00000e-06
       4660.0000  1.00000e-06  1.00000e-06
       4666.0000  1.00000e-06  1.00000e-06
       4672.0000  1.00000e-06  1.00000e-06
       4678.0000  1.00000e-06  1.00000e-06
       4684.0000  1.00000e-06  1.00000e-06
       4690.0000  1.00000e-06  1.00000e-06
       4696.0000  1.00000e-06  1.00000e-06
       4702.0000  1.00000e-06  1.00000e-06
       4708.0000  1.00000e-06  1.00000e-06
       4714.0000  1.00000e-06  1.00000e-06
       4720.0000  1.00000e-06  1.00000e-06
       4726.0000  1.00000e-06  1.00000e-06
       4732.0000  1.00000e-06  1.00000e-06
       4738.0000  1.00000e-06  1.00000e-06
       4744.0000  1.00000e-06  1.00000e-06
       4750.0000  1.00000e-06  1.00000e-06
       4756.0000  1.00000e-06  1.00000e-06
       4762.0000  1.00000e-06  1.00000e-06
       4768.0000  1.00000e-06  1.00000e-06
       4774.0000  1.00000e-06  1.00000e-06
       4780.0000  1.00000e-06  1.00000e-06
       4786.0000  1.00000e-06  1.00000e-06
       4792.0000  1.00000e-06  1.00000e-06
       4798.0000  1.00000e-06  1.00000e-06
       4804.0000  1.00000e-06  1.00000e-06
       4810.0000  1.00000e-06  1.00000e-06
       4816.0000  1.00000e-06  1.00000e-06
       4822.0000  1.00000e-06  1.00000e-06
       4828.0000  1.00000e-06  1.00000e-06
       4834.0000  1.00000e-06  1.00000e-06
       4840.0000  1.00000e-06  1.00000e-06
       4846.0000  1.00000e-06  1.00000e-06
       4852.0000  1.00000e-06  1.00000e-06
       4858.0000  1.00000e-06  1.00000e-06
       4864.0000  1.00000e-06  1.00000e-06
       4870.0000  1.00000e-06  1.00000e-06
       4876.0000  1.00000e-06  1.00000e-06
       4882.0000  1.00000e-06  1.00000e-06
       4888.0000  1.00000e-06  1.00000e-06
       4894.0000  1.00000e-06  1.00000e-06
       4900.0000  1.00000e-06  1.00000e-06
       4906.0000  1.00000e-06  1.00000e-06
       4912.0000  1.00000e-06  1.00000e-06
       4918.0000  1.00000e-06  1.00000e-06
       4924.0000  1.00000e-06  1.00000e-06
       4930.0000  1.00000e-06  1.00000e-06
       4936.0000  1.00000e-06  1.00000e-06
       4942.0000  1.00000e-06  1.00000e-06
       4948.0000  1.00000e-06  1.00000e-06
       4954.0000  1.00000e-06  1.00000e-06
       4960.0000  1.00000e-06  1.00000e-06
       4966.0000  1.00000e-06  1.00000e-06
       4972.0000  1.00000e-06  1.00000e-06
       4978.0000  1.00000e-06  1.00000e-06
       4984.0000  1.00000e-06  1.00000e-06
       4990.0000  1.00000e-06  1.00000e-06
       4996.0000  1.00000e-06  1.00000e-06
       5002.0000  1.00000e-06  1.98225e-06
       5008.0000  1.00000e-06  3.64112e-06
       5014.0000  1.00000e-06  5.28072e-06
       5020.0000  1.00000e-06  6.83699e-06
       5026.0000  1.00000e-06  8.39326e-06
       5032.0000  1.00000e-06  1.60576e-05
       5038.0000  1.00000e-06  2.54094e-05
       5044.0000  1.00000e-06  3.13960e-05
       5050.0000  1.00000e-06  3.18739e-05
       5056.0000  1.00000e-06  3.23519e-05
       5062.0000  1.00000e-06  3.12736e-05
       5068.0000  1.00000e-06  3.01555e-05
       5074.0000  1.00000e-06  2.98279e-05
       5080.0000  1.00000e-06  3.00947e-05
       5086.0000  1.00000e-06  3.11609e-05
       5092.0000  1.00000e-06  3.62293e-05
       5098.0000  1.00000e-06  4.12977e-05
       5104.0000  1.00000e-06  4.43410e-05
       5110.0000  1.00000e-06  4.67524e-05
       5116.0000  1.00000e-06  4.77034e-05
       5122.0000  1.00000e-06  4.60363e-05
       5128.0000  1.00000e-06  4.43691e-05
       5134.0000  1.00000e-06  4.33507e-05
       5140.0000  1.00000e-06  4.23636e-05
       5146.0000  1.00000e-06  4.13751e-05
       5152.0000  1.00000e-06  4.03853e-05
       5158.0000  1.00000e-06  4.11093e-05
       5164.0000  1.00000e-06  5.19233e-05
       5170.0000  1.00000e-06  6.27374e-05
       5176.0000  1.00000e-06  6.85494e-05
       5182.0000  1.00000e-06  7.26135e-05
       5188.0000  1.00000e-06  7.42145e-05
       5194.0000  1.00000e-06  7.09644e-05
       5200.0000  1.00000e-06  6.77142e-05
       5206.0000  1.00000e-06  6.95855e-05
       5212.0000  1.00000e-06  7.18278e-05
       5218.0000  1.00000e-06  7.49393e-05
       5224.0000  1.00000e-06  7.88272e-05
       5230.0000  1.00000e-06  8.24794e-05
       5236.0000  1.00000e-06  8.44663e-05
       5242.0000  1.00000e-06  8.64533e-05
       5248.0000  1.00000e-06  9.10723e-05
       5254.0000  1.00000e-06  9.67163e-05
       5260.0000  1.00000e-06  0.000100634
       5266.0000  1.00000e-06  0.000100807
       5272.0000  1.00000e-06  0.000100979
       5278.0000  1.00000e-06  9.67260e-05
       5284.0000  1.00000e-06  9.20412e-05
       5290.0000  1.00000e-06  8.89387e-05
       5296.0000  1.00000e-06  8.73749e-05
       5302.0000  1.00000e-06  8.54558e-05
       5308.0000  1.00000e-06  8.04320e-05
       5314.0000  1.00000e-06  7.54082e-05
       5320.0000  1.00000e-06  6.97946e-05
       5326.0000  1.00000e-06  6.39263e-05
       5332.0000  1.00000e-06  6.01266e-05
       5338.0000  1.00000e-06  6.12917e-05
       5344.0000  1.00000e-06  6.24568e-05
       5350.0000  1.00000e-06  6.57969e-05
       5356.0000  1.00000e-06  6.94058e-05
       5362.0000  1.00000e-06  7.14846e-05
       5368.0000  1.00000e-06  7.19430e-05
       5374.0000  1.00000e-06  7.25885e-05
       5380.0000  1.00000e-06  7.53452e-05
       5386.0000  1.00000e-06  7.81020e-05
       5392.0000  1.00000e-06  7.70036e-05
       5398.0000  1.00000e-06  7.40666e-05
       5404.0000  1.00000e-06  7.05929e-05
       5410.0000  1.00000e-06  6.56895e-05
       5416.0000  1.00000e-06  6.07861e-05
       5422.0000  1.00000e-06  6.07027e-05
       5428.0000  1.00000e-06  6.13482e-05
       5434.0000  1.00000e-06  6.48240e-05
       5440.0000  1.00000e-06  7.15646e-05
       5446.0000  1.00000e-06  7.82689e-05
       5452.0000  1.00000e-06  8.44052e-05
       5458.0000  1.00000e-06  9.05415e-05
       5464.0000  1.00000e-06  9.17196e-05
       5470.0000  1.00000e-06  9.02968e-05
       5476.0000  1.00000e-06  8.80025e-05
       5482.0000  1.00000e-06  8.31163e-05
       5488.0000  1.00000e-06  7.82300e-05
       5494.0000  1.00000e-06  7.85425e-05
