      -500.00000  1.00000e-06  7.29533e-05
      -494.00000  1.00000e-06  6.86032e-05
      -488.00000  1.00000e-06  6.76688e-05
      -482.00000  1.00000e-06  6.71832e-05
      -476.00000  1.00000e-06  7.05488e-05
      -470.00000  1.00000e-06  7.39144e-05
      -464.00000  1.00000e-06  8.00459e-05
      -458.00000  1.00000e-06  8.73445e-05
      -452.00000  1.00000e-06  9.10450e-05
      -446.00000  1.00000e-06  8.64343e-05
      -440.00000  1.00000e-06  8.18236e-05
      -434.00000  1.00000e-06  7.45751e-05
      -428.00000  1.00000e-06  6.70368e-05
      -422.00000  1.00000e-06  6.37684e-05
      -416.00000  1.00000e-06  6.47719e-05
      -410.00000  1.00000e-06  6.60552e-05
      -404.00000  1.00000e-06  6.98921e-05
      -398.00000  1.00000e-06  7.37290e-05
      -392.00000  1.00000e-06  7.94795e-05
      -386.00000  1.00000e-06  8.60594e-05
      -380.00000  1.00000e-06  9.21531e-05
      -374.00000  1.00000e-06  9.70933e-05
      -368.00000  1.00000e-06  0.000102033
      -362.00000  1.00000e-06  0.000102043
      -356.00000  1.00000e-06  0.000101475
      -350.00000  1.00000e-06  0.000100570
      -344.00000  1.00000e-06  9.93174e-05
      -338.00000  1.00000e-06  9.79495e-05
      -332.00000  1.00000e-06  9.54548e-05
      -326.00000  1.00000e-06  9.29600e-05
      -320.00000  1.00000e-06  9.33290e-05
      -314.00000  1.00000e-06  9.49725e-05
      -308.00000  1.00000e-06  9.89545e-05
      -302.00000  1.00000e-06  0.000108638
      -296.00000  1.00000e-06  0.000118320
      -290.00000  1.00000e-06  0.000113379
      -284.00000  1.00000e-06  0.000106626
      -278.00000  1.00000e-06  0.000101068
      -272.00000  1.00000e-06  9.67593e-05
      -266.00000  1.00000e-06  9.32318e-05
      -260.00000  1.00000e-06  9.78490e-05
      -254.00000  1.00000e-06  0.000102466
      -248.00000  1.00000e-06  0.000106259
      -242.00000  1.00000e-06  0.000109676
      -236.00000  1.00000e-06  0.000111917
      -230.00000  1.00000e-06  0.000111215
      -224.00000  1.00000e-06  0.000110512
      -218.00000  1.00000e-06  0.000110251
      -212.00000  1.00000e-06  0.000110046
      -206.00000  1.00000e-06  0.000112964
      -200.00000  1.00000e-06  0.000119224
      -194.00000  1.00000e-06  0.000124004
      -188.00000  1.00000e-06  0.000112192
      -182.00000  1.00000e-06  0.000100381
      -176.00000  1.00000e-06  6.95032e-05
      -170.00000  1.00000e-06  2.96845e-05
      -164.00000  1.00000e-06  1.00000e-06
      -158.00000  1.00000e-06  1.00000e-06
      -152.00000  1.00000e-06  1.00000e-06
      -146.00000  1.00000e-06  2.61784e-05
      -140.00000  1.00000e-06  5.48391e-05
      -134.00000  1.00000e-06  8.69491e-05
      -128.00000  1.00000e-06  0.000122835
      -122.00000  1.00000e-06  0.000156727
      -116.00000  1.00000e-06  0.000166446
      -110.00000  1.00000e-06  0.000176166
      -104.00000  1.00000e-06  0.000181282
      -98.000000  1.00000e-06  0.000184183
      -92.000000  1.00000e-06  0.000190203
      -86.000000  1.00000e-06  0.000204490
      -80.000000  1.00000e-06  0.000218776
      -74.000000  1.00000e-06  0.000259030
      -68.000000  1.00000e-06  0.000303066
      -62.000000  1.00000e-06  0.000365328
      -56.000000  1.00000e-06  0.000448000
      -50.000000  1.00000e-06  0.000541889
      -44.000000  1.00000e-06  0.000783403
      -38.000000  1.00000e-06   0.00102492
      -32.000000  1.00000e-06   0.00157749
      -26.000000  1.00000e-06   0.00228362
      -20.000000  1.00000e-06   0.00329410
      -14.000000  1.00000e-06   0.00513439
      -8.0000000  1.00000e-06   0.00697468
      -2.0000000  1.00000e-06    0.0107253
       4.0000000  1.00000e-06    0.0147683
       10.000000  1.00000e-06    0.0204062
       16.000000  1.00000e-06    0.0278709
       22.000000  1.00000e-06    0.0355857
       28.000000  1.00000e-06    0.0469013
       34.000000  1.00000e-06    0.0582169
       40.000000  1.00000e-06    0.0714193
       46.000000  1.00000e-06    0.0855771
       52.000000  1.00000e-06    0.0998937
       58.000000  1.00000e-06     0.114656
       64.000000  1.00000e-06     0.129418
       70.000000  1.00000e-06     0.141982
       76.000000  1.00000e-06     0.154192
       82.000000  1.00000e-06     0.163926
       88.000000  1.00000e-06     0.170758
       94.000000  1.00000e-06     0.177164
       100.00000  1.00000e-06     0.176816
       106.00000  1.00000e-06     0.176468
       112.00000  1.00000e-06     0.171448
       118.00000  1.00000e-06     0.164002
       124.00000  1.00000e-06     0.155341
       130.00000  1.00000e-06     0.143165
       136.00000  1.00000e-06     0.130990
       142.00000  1.00000e-06     0.117282
       148.00000  1.00000e-06     0.103316
       154.00000  1.00000e-06    0.0897841
       160.00000  1.00000e-06    0.0767708
       166.00000  1.00000e-06    0.0638986
       172.00000  1.00000e-06    0.0535130
       178.00000  1.00000e-06    0.0431274
       184.00000  1.00000e-06    0.0348068
       190.00000  1.00000e-06    0.0275853
       196.00000  1.00000e-06    0.0210759
       202.00000  1.00000e-06    0.0166856
       208.00000  1.00000e-06    0.0122954
       214.00000  1.00000e-06   0.00965357
       220.00000  1.00000e-06   0.00731939
       226.00000  1.00000e-06   0.00559202
       232.00000  1.00000e-06   0.00460864
       238.00000  1.00000e-06   0.00366345
       244.00000  1.00000e-06   0.00347425
       250.00000  1.00000e-06   0.00328506
       256.00000  1.00000e-06   0.00340591
       262.00000  1.00000e-06   0.00369592
       268.00000  1.00000e-06   0.00407079
       274.00000  1.00000e-06   0.00470595
       280.00000  1.00000e-06   0.00534111
       286.00000  1.00000e-06   0.00624943
       292.00000  1.00000e-06   0.00720795
       298.00000  1.00000e-06   0.00834522
       304.00000  1.00000e-06   0.00970671
       310.00000  1.00000e-06    0.0110814
       316.00000  1.00000e-06    0.0127548
       322.00000  1.00000e-06    0.0144281
       328.00000  1.00000e-06    0.0162161
       334.00000  1.00000e-06    0.0180682
       340.00000  1.00000e-06    0.0199392
       346.00000  1.00000e-06    0.0218702
       352.00000  1.00000e-06    0.0238011
       358.00000  1.00000e-06    0.0255463
       364.00000  1.00000e-06    0.0272558
       370.00000  1.00000e-06    0.0287488
       376.00000  1.00000e-06    0.0299638
       382.00000  1.00000e-06    0.0311569
       388.00000  1.00000e-06    0.0317758
       394.00000  1.00000e-06    0.0323948
       400.00000  1.00000e-06    0.0326650
       406.00000  1.00000e-06    0.0327353
       412.00000  1.00000e-06    0.0327227
       418.00000  1.00000e-06    0.0324394
       424.00000  1.00000e-06    0.0321561
       430.00000  1.00000e-06    0.0317961
       436.00000  1.00000e-06    0.0314208
       442.00000  1.00000e-06    0.0310900
       448.00000  1.00000e-06    0.0308175
       454.00000  1.00000e-06    0.0305483
       460.00000  1.00000e-06    0.0303821
       466.00000  1.00000e-06    0.0302158
       472.00000  1.00000e-06    0.0302246
       478.00000  1.00000e-06    0.0303362
       484.00000  1.00000e-06    0.0305119
       490.00000  1.00000e-06    0.0309038
       496.00000  1.00000e-06    0.0312957
       502.00000  1.00000e-06    0.0318924
       508.00000  1.00000e-06    0.0325317
       514.00000  1.00000e-06    0.0332969
       520.00000  1.00000e-06    0.0342311
       526.00000  1.00000e-06    0.0351748
       532.00000  1.00000e-06    0.0364813
       538.00000  1.00000e-06    0.0377878
       544.00000  1.00000e-06    0.0391860
       550.00000  1.00000e-06    0.0406393
       556.00000  1.00000e-06    0.0420984
       562.00000  1.00000e-06    0.0435772
       568.00000  1.00000e-06    0.0450560
       574.00000  1.00000e-06    0.0463563
       580.00000  1.00000e-06    0.0476181
       586.00000  1.00000e-06    0.0487570
       592.00000  1.00000e-06    0.0497269
       598.00000  1.00000e-06    0.0506921
       604.00000  1.00000e-06    0.0514273
       610.00000  1.00000e-06    0.0521624
       616.00000  1.00000e-06    0.0527438
       622.00000  1.00000e-06    0.0532305
       628.00000  1.00000e-06    0.0537133
       634.00000  1.00000e-06    0.0541821
       640.00000  1.00000e-06    0.0546508
       646.00000  1.00000e-06    0.0552536
       652.00000  1.00000e-06    0.0558865
       658.00000  1.00000e-06    0.0565978
       664.00000  1.00000e-06    0.0574194
       670.00000  1.00000e-06    0.0582418
       676.00000  1.00000e-06    0.0591198
       682.00000  1.00000e-06    0.0599978
       688.00000  1.00000e-06    0.0610261
       694.00000  1.00000e-06    0.0621490
       700.00000  1.00000e-06    0.0633427
       706.00000  1.00000e-06    0.0647992
       712.00000  1.00000e-06    0.0662556
       718.00000  1.00000e-06    0.0679309
       724.00000  1.00000e-06    0.0696574
       730.00000  1.00000e-06    0.0714094
       736.00000  1.00000e-06    0.0731985
       742.00000  1.00000e-06    0.0749875
       748.00000  1.00000e-06    0.0767717
       754.00000  1.00000e-06    0.0785558
       760.00000  1.00000e-06    0.0803491
       766.00000  1.00000e-06    0.0821482
       772.00000  1.00000e-06    0.0839604
       778.00000  1.00000e-06    0.0858229
       784.00000  1.00000e-06    0.0876854
       790.00000  1.00000e-06    0.0896842
       796.00000  1.00000e-06    0.0917159
       802.00000  1.00000e-06    0.0937219
       808.00000  1.00000e-06    0.0956898
       814.00000  1.00000e-06    0.0976576
       820.00000  1.00000e-06    0.0995674
       826.00000  1.00000e-06     0.101477
       832.00000  1.00000e-06     0.103524
       838.00000  1.00000e-06     0.105661
       844.00000  1.00000e-06     0.107806
       850.00000  1.00000e-06     0.109987
       856.00000  1.00000e-06     0.112167
       862.00000  1.00000e-06     0.114198
       868.00000  1.00000e-06     0.116193
       874.00000  1.00000e-06     0.118163
       880.00000  1.00000e-06     0.120099
       886.00000  1.00000e-06     0.122034
       892.00000  1.00000e-06     0.123969
       898.00000  1.00000e-06     0.125904
       904.00000  1.00000e-06     0.127913
       910.00000  1.00000e-06     0.129973
       916.00000  1.00000e-06     0.132123
       922.00000  1.00000e-06     0.134645
       928.00000  1.00000e-06     0.137168
       934.00000  1.00000e-06     0.139895
       940.00000  1.00000e-06     0.142674
       946.00000  1.00000e-06     0.145395
       952.00000  1.00000e-06     0.148024
       958.00000  1.00000e-06     0.150652
       964.00000  1.00000e-06     0.152901
       970.00000  1.00000e-06     0.155146
       976.00000  1.00000e-06     0.157030
       982.00000  1.00000e-06     0.158665
       988.00000  1.00000e-06     0.160121
       994.00000  1.00000e-06     0.160816
       1000.0000  1.00000e-06     0.161510
       1006.0000  1.00000e-06     0.161590
       1012.0000  1.00000e-06     0.161505
       1018.0000  1.00000e-06     0.161356
       1024.0000  1.00000e-06     0.161103
       1030.0000  1.00000e-06     0.160851
       1036.0000  1.00000e-06     0.160549
       1042.0000  1.00000e-06     0.160246
       1048.0000  1.00000e-06     0.160059
       1054.0000  1.00000e-06     0.159952
       1060.0000  1.00000e-06     0.159959
       1066.0000  1.00000e-06     0.160464
       1072.0000  1.00000e-06     0.160970
       1078.0000  1.00000e-06     0.161927
       1084.0000  1.00000e-06     0.163010
       1090.0000  1.00000e-06     0.164163
       1096.0000  1.00000e-06     0.165431
       1102.0000  1.00000e-06     0.166698
       1108.0000  1.00000e-06     0.168195
       1114.0000  1.00000e-06     0.169698
       1120.0000  1.00000e-06     0.171042
       1126.0000  1.00000e-06     0.172273
       1132.0000  1.00000e-06     0.173608
       1138.0000  1.00000e-06     0.175430
       1144.0000  1.00000e-06     0.177251
       1150.0000  1.00000e-06     0.179525
       1156.0000  1.00000e-06     0.181929
       1162.0000  1.00000e-06     0.184346
       1168.0000  1.00000e-06     0.186787
       1174.0000  1.00000e-06     0.189227
       1180.0000  1.00000e-06     0.191696
       1186.0000  1.00000e-06     0.194165
       1192.0000  1.00000e-06     0.196771
       1198.0000  1.00000e-06     0.199479
       1204.0000  1.00000e-06     0.202224
       1210.0000  1.00000e-06     0.205150
       1216.0000  1.00000e-06     0.208077
       1222.0000  1.00000e-06     0.210907
       1228.0000  1.00000e-06     0.213709
       1234.0000  1.00000e-06     0.216438
       1240.0000  1.00000e-06     0.219042
       1246.0000  1.00000e-06     0.221646
       1252.0000  1.00000e-06     0.223736
       1258.0000  1.00000e-06     0.225810
       1264.0000  1.00000e-06     0.227351
       1270.0000  1.00000e-06     0.228489
       1276.0000  1.00000e-06     0.229486
       1282.0000  1.00000e-06     0.229786
       1288.0000  1.00000e-06     0.230085
       1294.0000  1.00000e-06     0.230024
       1300.0000  1.00000e-06     0.229852
       1306.0000  1.00000e-06     0.229582
       1312.0000  1.00000e-06     0.229141
       1318.0000  1.00000e-06     0.228699
       1324.0000  1.00000e-06     0.227875
       1330.0000  1.00000e-06     0.227036
       1336.0000  1.00000e-06     0.226306
       1342.0000  1.00000e-06     0.225661
       1348.0000  1.00000e-06     0.225109
       1354.0000  1.00000e-06     0.225037
       1360.0000  1.00000e-06     0.224966
       1366.0000  1.00000e-06     0.225183
       1372.0000  1.00000e-06     0.225492
       1378.0000  1.00000e-06     0.225967
       1384.0000  1.00000e-06     0.226739
       1390.0000  1.00000e-06     0.227511
       1396.0000  1.00000e-06     0.229010
       1402.0000  1.00000e-06     0.230540
       1408.0000  1.00000e-06     0.232389
       1414.0000  1.00000e-06     0.234492
       1420.0000  1.00000e-06     0.236657
       1426.0000  1.00000e-06     0.239161
       1432.0000  1.00000e-06     0.241665
       1438.0000  1.00000e-06     0.244217
       1444.0000  1.00000e-06     0.246783
       1450.0000  1.00000e-06     0.249492
       1456.0000  1.00000e-06     0.252461
       1462.0000  1.00000e-06     0.255431
       1468.0000  1.00000e-06     0.258637
       1474.0000  1.00000e-06     0.261855
       1480.0000  1.00000e-06     0.264989
       1486.0000  1.00000e-06     0.268054
       1492.0000  1.00000e-06     0.271087
       1498.0000  1.00000e-06     0.273944
       1504.0000  1.00000e-06     0.276800
       1510.0000  1.00000e-06     0.279443
       1516.0000  1.00000e-06     0.282015
       1522.0000  1.00000e-06     0.284542
       1528.0000  1.00000e-06     0.286984
       1534.0000  1.00000e-06     0.289425
       1540.0000  1.00000e-06     0.291335
       1546.0000  1.00000e-06     0.293215
       1552.0000  1.00000e-06     0.294519
       1558.0000  1.00000e-06     0.295344
       1564.0000  1.00000e-06     0.296030
       1570.0000  1.00000e-06     0.295893
       1576.0000  1.00000e-06     0.295757
       1582.0000  1.00000e-06     0.294920
       1588.0000  1.00000e-06     0.293842
       1594.0000  1.00000e-06     0.292579
       1600.0000  1.00000e-06     0.290961
       1606.0000  1.00000e-06     0.289344
       1612.0000  1.00000e-06     0.287251
       1618.0000  1.00000e-06     0.285129
       1624.0000  1.00000e-06     0.282633
       1630.0000  1.00000e-06     0.279820
       1636.0000  1.00000e-06     0.276946
       1642.0000  1.00000e-06     0.273704
       1648.0000  1.00000e-06     0.270463
       1654.0000  1.00000e-06     0.266949
       1660.0000  1.00000e-06     0.263338
       1666.0000  1.00000e-06     0.259573
       1672.0000  1.00000e-06     0.255502
       1678.0000  1.00000e-06     0.251431
       1684.0000  1.00000e-06     0.247098
       1690.0000  1.00000e-06     0.242747
       1696.0000  1.00000e-06     0.238236
       1702.0000  1.00000e-06     0.233587
       1708.0000  1.00000e-06     0.228848
       1714.0000  1.00000e-06     0.223527
       1720.0000  1.00000e-06     0.218206
       1726.0000  1.00000e-06     0.212147
       1732.0000  1.00000e-06     0.205819
       1738.0000  1.00000e-06     0.199161
       1744.0000  1.00000e-06     0.191835
       1750.0000  1.00000e-06     0.184509
       1756.0000  1.00000e-06     0.176326
       1762.0000  1.00000e-06     0.168079
       1768.0000  1.00000e-06     0.159376
       1774.0000  1.00000e-06     0.150269
       1780.0000  1.00000e-06     0.141093
       1786.0000  1.00000e-06     0.131446
       1792.0000  1.00000e-06     0.121800
       1798.0000  1.00000e-06     0.112153
       1804.0000  1.00000e-06     0.102506
       1810.0000  1.00000e-06    0.0930681
       1816.0000  1.00000e-06    0.0840611
       1822.0000  1.00000e-06    0.0750541
       1828.0000  1.00000e-06    0.0672494
       1834.0000  1.00000e-06    0.0595431
       1840.0000  1.00000e-06    0.0526441
       1846.0000  1.00000e-06    0.0464809
       1852.0000  1.00000e-06    0.0404986
       1858.0000  1.00000e-06    0.0358189
       1864.0000  1.00000e-06    0.0311392
       1870.0000  1.00000e-06    0.0273687
       1876.0000  1.00000e-06    0.0239501
       1882.0000  1.00000e-06    0.0208825
       1888.0000  1.00000e-06    0.0185614
       1894.0000  1.00000e-06    0.0162403
       1900.0000  1.00000e-06    0.0148482
       1906.0000  1.00000e-06    0.0135383
       1912.0000  1.00000e-06    0.0127053
       1918.0000  1.00000e-06    0.0123168
       1924.0000  1.00000e-06    0.0120297
       1930.0000  1.00000e-06    0.0125113
       1936.0000  1.00000e-06    0.0129930
       1942.0000  1.00000e-06    0.0141682
       1948.0000  1.00000e-06    0.0156193
       1954.0000  1.00000e-06    0.0174386
       1960.0000  1.00000e-06    0.0200611
       1966.0000  1.00000e-06    0.0226837
       1972.0000  1.00000e-06    0.0266742
       1978.0000  1.00000e-06    0.0307949
       1984.0000  1.00000e-06    0.0359788
       1990.0000  1.00000e-06    0.0421761
       1996.0000  1.00000e-06    0.0486307
       2002.0000  1.00000e-06    0.0571499
       2008.0000  1.00000e-06    0.0656691
       2014.0000  1.00000e-06    0.0758308
       2020.0000  1.00000e-06    0.0866645
       2026.0000  1.00000e-06    0.0981701
       2032.0000  1.00000e-06     0.111182
       2038.0000  1.00000e-06     0.124193
       2044.0000  1.00000e-06     0.138775
       2050.0000  1.00000e-06     0.153517
       2056.0000  1.00000e-06     0.168738
       2062.0000  1.00000e-06     0.184427
       2068.0000  1.00000e-06     0.200121
       2074.0000  1.00000e-06     0.215854
       2080.0000  1.00000e-06     0.231586
       2086.0000  1.00000e-06     0.246939
       2092.0000  1.00000e-06     0.262131
       2098.0000  1.00000e-06     0.277044
       2104.0000  1.00000e-06     0.291317
       2110.0000  1.00000e-06     0.305589
       2116.0000  1.00000e-06     0.318602
       2122.0000  1.00000e-06     0.331477
       2128.0000  1.00000e-06     0.343579
       2134.0000  1.00000e-06     0.354911
       2140.0000  1.00000e-06     0.366091
       2146.0000  1.00000e-06     0.375901
       2152.0000  1.00000e-06     0.385711
       2158.0000  1.00000e-06     0.394022
       2164.0000  1.00000e-06     0.401685
       2170.0000  1.00000e-06     0.408611
       2176.0000  1.00000e-06     0.413793
       2182.0000  1.00000e-06     0.418974
       2188.0000  1.00000e-06     0.422066
       2194.0000  1.00000e-06     0.424915
       2200.0000  1.00000e-06     0.426864
       2206.0000  1.00000e-06     0.427896
       2212.0000  1.00000e-06     0.428778
       2218.0000  1.00000e-06     0.428222
       2224.0000  1.00000e-06     0.427667
       2230.0000  1.00000e-06     0.425924
       2236.0000  1.00000e-06     0.423655
       2242.0000  1.00000e-06     0.421011
       2248.0000  1.00000e-06     0.417457
       2254.0000  1.00000e-06     0.413902
       2260.0000  1.00000e-06     0.409775
       2266.0000  1.00000e-06     0.405577
       2272.0000  1.00000e-06     0.401457
       2278.0000  1.00000e-06     0.397419
       2284.0000  1.00000e-06     0.393365
       2290.0000  1.00000e-06     0.389135
       2296.0000  1.00000e-06     0.384906
       2302.0000  1.00000e-06     0.380509
       2308.0000  1.00000e-06     0.376037
       2314.0000  1.00000e-06     0.371607
       2320.0000  1.00000e-06     0.367284
       2326.0000  1.00000e-06     0.362961
       2332.0000  1.00000e-06     0.358228
       2338.0000  1.00000e-06     0.353442
       2344.0000  1.00000e-06     0.348069
       2350.0000  1.00000e-06     0.342070
       2356.0000  1.00000e-06     0.335973
       2362.0000  1.00000e-06     0.328783
       2368.0000  1.00000e-06     0.321593
       2374.0000  1.00000e-06     0.313537
       2380.0000  1.00000e-06     0.305076
       2386.0000  1.00000e-06     0.296093
       2392.0000  1.00000e-06     0.285767
       2398.0000  1.00000e-06     0.275441
       2404.0000  1.00000e-06     0.263510
       2410.0000  1.00000e-06     0.251358
       2416.0000  1.00000e-06     0.238687
       2422.0000  1.00000e-06     0.225447
       2428.0000  1.00000e-06     0.212157
       2434.0000  1.00000e-06     0.198256
       2440.0000  1.00000e-06     0.184355
       2446.0000  1.00000e-06     0.170418
       2452.0000  1.00000e-06     0.156465
       2458.0000  1.00000e-06     0.142709
       2464.0000  1.00000e-06     0.129474
       2470.0000  1.00000e-06     0.116239
       2476.0000  1.00000e-06     0.104175
       2482.0000  1.00000e-06    0.0922798
       2488.0000  1.00000e-06    0.0811299
       2494.0000  1.00000e-06    0.0708117
       2500.0000  1.00000e-06    0.0606323
       2506.0000  1.00000e-06    0.0522597
       2512.0000  1.00000e-06    0.0438872
       2518.0000  1.00000e-06    0.0369301
       2524.0000  1.00000e-06    0.0306693
       2530.0000  1.00000e-06    0.0249448
       2536.0000  1.00000e-06    0.0206766
       2542.0000  1.00000e-06    0.0164084
       2548.0000  1.00000e-06    0.0135479
       2554.0000  1.00000e-06    0.0109015
       2560.0000  1.00000e-06   0.00881084
       2566.0000  1.00000e-06   0.00735491
       2572.0000     0.104383   0.00594934
       2578.0000     0.279413   0.00525926
       2584.0000     0.222671   0.00456918
       2590.0000     0.200380   0.00415357
       2596.0000     0.325516   0.00387645
       2602.0000     0.772371   0.00364978
       2608.0000      1.31537   0.00356415
       2614.0000      1.71329   0.00347852
       2620.0000      1.80102   0.00345808
       2626.0000      1.51609   0.00344805
       2632.0000     0.894717   0.00343866
       2638.0000    0.0778761   0.00343004
       2644.0000  1.00000e-06   0.00342035
       2650.0000  1.00000e-06   0.00339397
       2656.0000  1.00000e-06   0.00336758
       2662.0000  1.00000e-06   0.00332056
       2668.0000  1.00000e-06   0.00326287
       2674.0000  1.00000e-06   0.00320656
       2680.0000  1.00000e-06   0.00315423
       2686.0000  1.00000e-06   0.00310190
       2692.0000  1.00000e-06   0.00307277
       2698.0000    0.0402328   0.00304752
       2704.0000      1.11498   0.00302131
       2710.0000      2.13606   0.00299395
       2716.0000      2.88719   0.00296735
       2722.0000      3.29824   0.00295388
       2728.0000      3.50896   0.00294041
       2734.0000      3.64681   0.00291257
       2740.0000      4.18249   0.00287711
       2746.0000      4.67475   0.00284273
       2752.0000      4.73452   0.00281154
       2758.0000      4.52538   0.00278035
       2764.0000      4.51361   0.00277674
       2770.0000      4.55418   0.00277796
       2776.0000      4.56179   0.00279657
       2782.0000      4.90173   0.00283642
       2788.0000      5.60625   0.00287417
       2794.0000      6.30175   0.00287093
       2800.0000      6.57601   0.00286769
       2806.0000      6.48199   0.00283915
       2812.0000      6.35626   0.00279685
       2818.0000      6.57670   0.00275608
       2824.0000      7.31021   0.00272002
       2830.0000      8.47076   0.00268395
       2836.0000      9.49074   0.00267313
       2842.0000      10.0426   0.00266694
       2848.0000      10.3304   0.00264327
       2854.0000      10.9858   0.00259778
       2860.0000      12.4831   0.00255118
       2866.0000      15.2346   0.00248009
       2872.0000      19.1037   0.00240900
       2878.0000      23.5402   0.00233715
       2884.0000      27.4186   0.00226488
       2890.0000      30.4319   0.00219308
       2896.0000      32.6038   0.00212277
       2902.0000      34.9341   0.00205246
       2908.0000      38.5088   0.00197428
       2914.0000      43.3064   0.00189460
       2920.0000      48.3456   0.00180837
       2926.0000      52.9254   0.00171374
       2932.0000      56.7271   0.00161954
       2938.0000      58.9658   0.00153610
       2944.0000      59.8984   0.00145265
       2950.0000      60.7019   0.00138844
       2956.0000      61.7617   0.00133522
       2962.0000      61.9388   0.00128680
       2968.0000      61.0689   0.00125403
       2974.0000      59.6622   0.00122125
       2980.0000      56.9678   0.00119570
       2986.0000      52.4195   0.00117160
       2992.0000      47.8302   0.00114313
       2998.0000      47.2888   0.00110896
       3004.0000      48.5105   0.00107433
       3010.0000      46.4412   0.00102598
       3016.0000      41.2212  0.000977636
       3022.0000      35.2414  0.000939215
       3028.0000      27.7063  0.000906603
       3034.0000      18.1003  0.000877159
       3040.0000      10.0077  0.000858336
       3046.0000      5.27953  0.000839512
       3052.0000      2.87604  0.000823749
       3058.0000     0.713981  0.000808618
       3064.0000  1.00000e-06  0.000795347
       3070.0000  1.00000e-06  0.000784565
       3076.0000  1.00000e-06  0.000773475
       3082.0000  1.00000e-06  0.000751012
       3088.0000  1.00000e-06  0.000728548
       3094.0000  1.00000e-06  0.000695413
       3100.0000  1.00000e-06  0.000655882
       3106.0000  1.00000e-06  0.000616081
       3112.0000  1.00000e-06  0.000575347
       3118.0000  1.00000e-06  0.000534613
       3124.0000  1.00000e-06  0.000502445
       3130.0000  1.00000e-06  0.000472120
       3136.0000  1.00000e-06  0.000446432
       3142.0000     0.817505  0.000427098
       3148.0000      2.75192  0.000407856
       3154.0000      2.00982  0.000392940
       3160.0000     0.252929  0.000378024
       3166.0000  1.00000e-06  0.000362371
       3172.0000  1.00000e-06  0.000346266
       3178.0000  1.00000e-06  0.000329285
       3184.0000  1.00000e-06  0.000309171
       3190.0000  1.00000e-06  0.000289057
       3196.0000  1.00000e-06  0.000270072
       3202.0000  1.00000e-06  0.000251340
       3208.0000  1.00000e-06  0.000235758
       3214.0000  1.00000e-06  0.000224596
       3220.0000  1.00000e-06  0.000213519
       3226.0000  1.00000e-06  0.000208017
       3232.0000  1.00000e-06  0.000202515
       3238.0000  1.00000e-06  0.000198333
       3244.0000  1.00000e-06  0.000194980
       3250.0000     0.867216  0.000192567
       3256.0000      3.36691  0.000193631
       3262.0000      3.88260  0.000194695
       3268.0000      1.98656  0.000197274
       3274.0000    0.0616587  0.000200204
       3280.0000  1.00000e-06  0.000201098
       3286.0000  1.00000e-06  0.000199068
       3292.0000  1.00000e-06  0.000197049
       3298.0000  1.00000e-06  0.000196150
       3304.0000     0.238489  0.000195252
       3310.0000      1.64844  0.000199184
       3316.0000      1.09890  0.000206224
       3322.0000  1.00000e-06  0.000212492
       3328.0000  1.00000e-06  0.000215804
       3334.0000  1.00000e-06  0.000219115
       3340.0000  1.00000e-06  0.000218689
       3346.0000    0.0917687  0.000217364
       3352.0000      2.21370  0.000216315
       3358.0000      3.87664  0.000215672
       3364.0000      2.87996  0.000215039
       3370.0000     0.168943  0.000217019
       3376.0000  1.00000e-06  0.000219000
       3382.0000  1.00000e-06  0.000221167
       3388.0000  1.00000e-06  0.000223458
       3394.0000  1.00000e-06  0.000225423
       3400.0000  1.00000e-06  0.000226099
       3406.0000  1.00000e-06  0.000226776
       3412.0000  1.00000e-06  0.000222670
       3418.0000  1.00000e-06  0.000217374
       3424.0000  1.00000e-06  0.000211155
       3430.0000  1.00000e-06  0.000203550
       3436.0000  1.00000e-06  0.000195944
       3442.0000  1.00000e-06  0.000194094
       3448.0000  1.00000e-06  0.000192255
       3454.0000   0.00938076  0.000191409
       3460.0000     0.660910  0.000191234
       3466.0000     0.801672  0.000191233
       3472.0000     0.140740  0.000191949
       3478.0000  4.96914e-06  0.000192665
       3484.0000  1.00000e-06  0.000188849
       3490.0000  1.00000e-06  0.000183865
       3496.0000  1.00000e-06  0.000179735
       3502.0000  1.00000e-06  0.000176922
       3508.0000  1.00000e-06  0.000174110
       3514.0000  1.00000e-06  0.000175892
       3520.0000  1.00000e-06  0.000177708
       3526.0000  1.00000e-06  0.000176640
       3532.0000  1.00000e-06  0.000173581
       3538.0000  1.00000e-06  0.000171715
       3544.0000  1.00000e-06  0.000174927
       3550.0000  1.00000e-06  0.000178139
       3556.0000  1.00000e-06  0.000183479
       3562.0000  1.00000e-06  0.000189387
       3568.0000  1.00000e-06  0.000195245
       3574.0000  1.00000e-06  0.000201022
       3580.0000  1.00000e-06  0.000206799
       3586.0000  1.00000e-06  0.000206478
       3592.0000  1.00000e-06  0.000206077
       3598.0000  1.00000e-06  0.000202482
       3604.0000  1.00000e-06  0.000196628
       3610.0000  1.00000e-06  0.000191070
       3616.0000  1.00000e-06  0.000186816
       3622.0000  1.00000e-06  0.000182561
       3628.0000  1.00000e-06  0.000185316
       3634.0000  1.00000e-06  0.000190008
       3640.0000  1.00000e-06  0.000193500
       3646.0000  1.00000e-06  0.000195054
       3652.0000  1.00000e-06  0.000196609
       3658.0000  1.00000e-06  0.000187244
       3664.0000  1.00000e-06  0.000177671
       3670.0000  1.00000e-06  0.000166842
       3676.0000  1.00000e-06  0.000155102
       3682.0000  1.00000e-06  0.000143974
       3688.0000  1.00000e-06  0.000135645
       3694.0000  1.00000e-06  0.000127317
       3700.0000  1.00000e-06  0.000120923
       3706.0000  1.00000e-06  0.000115079
       3712.0000  1.00000e-06  0.000107530
       3718.0000  1.00000e-06  9.71609e-05
       3724.0000  1.00000e-06  8.67914e-05
       3730.0000  1.00000e-06  8.40697e-05
       3736.0000  1.00000e-06  8.15381e-05
       3742.0000  1.00000e-06  7.93537e-05
       3748.0000  1.00000e-06  7.74262e-05
       3754.0000  1.00000e-06  7.43334e-05
       3760.0000  1.00000e-06  6.56895e-05
       3766.0000  1.00000e-06  5.70455e-05
       3772.0000  1.00000e-06  4.79827e-05
       3778.0000  1.00000e-06  3.87964e-05
       3784.0000  1.00000e-06  3.14146e-05
       3790.0000  1.00000e-06  2.70888e-05
       3796.0000  1.00000e-06  2.27630e-05
       3802.0000  1.00000e-06  1.65890e-05
       3808.0000  1.00000e-06  1.03581e-05
       3814.0000  1.00000e-06  6.09135e-06
       3820.0000  1.00000e-06  3.31240e-06
       3826.0000  1.00000e-06  1.00000e-06
       3832.0000  1.00000e-06  1.00000e-06
       3838.0000  1.00000e-06  1.00000e-06
       3844.0000  1.00000e-06  1.00000e-06
       3850.0000  1.00000e-06  1.00000e-06
       3856.0000  1.00000e-06  1.00000e-06
       3862.0000  1.00000e-06  1.00000e-06
       3868.0000  1.00000e-06  1.00000e-06
       3874.0000  1.00000e-06  1.00000e-06
       3880.0000  1.00000e-06  1.00000e-06
       3886.0000  1.00000e-06  1.00000e-06
       3892.0000  1.00000e-06  1.00000e-06
       3898.0000  1.00000e-06  1.00000e-06
       3904.0000  1.00000e-06  1.00000e-06
       3910.0000  1.00000e-06  1.00000e-06
       3916.0000  1.00000e-06  1.00000e-06
       3922.0000  1.00000e-06  1.00000e-06
       3928.0000  1.00000e-06  1.00000e-06
       3934.0000  1.00000e-06  1.00000e-06
       3940.0000  1.00000e-06  1.00000e-06
       3946.0000  1.00000e-06  1.00000e-06
       3952.0000  1.00000e-06  1.00000e-06
       3958.0000  1.00000e-06  1.00000e-06
       3964.0000  1.00000e-06  1.00000e-06
       3970.0000  1.00000e-06  1.00000e-06
       3976.0000  1.00000e-06  1.00000e-06
       3982.0000  1.00000e-06  1.00000e-06
       3988.0000  1.00000e-06  1.00000e-06
       3994.0000  1.00000e-06  1.00000e-06
       4000.0000  1.00000e-06  1.00000e-06
       4006.0000  1.00000e-06  1.00000e-06
       4012.0000  1.00000e-06  1.00000e-06
       4018.0000  1.00000e-06  1.00000e-06
       4024.0000  1.00000e-06  1.00000e-06
       4030.0000  1.00000e-06  1.00000e-06
       4036.0000  1.00000e-06  1.00000e-06
       4042.0000  1.00000e-06  1.00000e-06
       4048.0000  1.00000e-06  1.00000e-06
       4054.0000  1.00000e-06  1.00000e-06
       4060.0000  1.00000e-06  1.00000e-06
       4066.0000  1.00000e-06  1.00000e-06
       4072.0000  1.00000e-06  1.00000e-06
       4078.0000  1.00000e-06  1.00000e-06
       4084.0000  1.00000e-06  1.00000e-06
       4090.0000  1.00000e-06  1.00000e-06
       4096.0000  1.00000e-06  1.00000e-06
       4102.0000  1.00000e-06  1.00000e-06
       4108.0000  1.00000e-06  1.00000e-06
       4114.0000  1.00000e-06  1.00000e-06
       4120.0000  1.00000e-06  1.00000e-06
       4126.0000  1.00000e-06  1.00000e-06
       4132.0000  1.00000e-06  1.00000e-06
       4138.0000  1.00000e-06  1.00000e-06
       4144.0000  1.00000e-06  1.00000e-06
       4150.0000  1.00000e-06  1.00000e-06
       4156.0000  1.00000e-06  1.00000e-06
       4162.0000  1.00000e-06  1.00000e-06
       4168.0000  1.00000e-06  1.00000e-06
       4174.0000  1.00000e-06  1.00000e-06
       4180.0000  1.00000e-06  1.00000e-06
       4186.0000  1.00000e-06  1.00000e-06
       4192.0000  1.00000e-06  1.00000e-06
       4198.0000  1.00000e-06  1.00000e-06
       4204.0000  1.00000e-06  1.00000e-06
       4210.0000  1.00000e-06  1.00000e-06
       4216.0000  1.00000e-06  1.00000e-06
       4222.0000  1.00000e-06  1.00000e-06
       4228.0000  1.00000e-06  1.00000e-06
       4234.0000  1.00000e-06  1.00000e-06
       4240.0000  1.00000e-06  1.00000e-06
       4246.0000  1.00000e-06  1.00000e-06
       4252.0000  1.00000e-06  1.00000e-06
       4258.0000  1.00000e-06  1.00000e-06
       4264.0000  1.00000e-06  1.00000e-06
       4270.0000  1.00000e-06  1.00000e-06
       4276.0000  1.00000e-06  1.00000e-06
       4282.0000  1.00000e-06  1.00000e-06
       4288.0000  1.00000e-06  1.00000e-06
       4294.0000  1.00000e-06  1.00000e-06
       4300.0000  1.00000e-06  1.00000e-06
       4306.0000  1.00000e-06  1.00000e-06
       4312.0000  1.00000e-06  1.00000e-06
       4318.0000  1.00000e-06  1.00000e-06
       4324.0000  1.00000e-06  1.00000e-06
       4330.0000  1.00000e-06  1.00000e-06
       4336.0000  1.00000e-06  1.00000e-06
       4342.0000  1.00000e-06  1.00000e-06
       4348.0000  1.00000e-06  1.00000e-06
       4354.0000  1.00000e-06  1.00000e-06
       4360.0000  1.00000e-06  1.00000e-06
       4366.0000  1.00000e-06  1.00000e-06
       4372.0000  1.00000e-06  1.00000e-06
       4378.0000  1.00000e-06  1.00000e-06
       4384.0000  1.00000e-06  1.00000e-06
       4390.0000  1.00000e-06  1.00000e-06
       4396.0000  1.00000e-06  1.00000e-06
       4402.0000  1.00000e-06  1.00000e-06
       4408.0000  1.00000e-06  1.00000e-06
       4414.0000  1.00000e-06  1.00000e-06
       4420.0000  1.00000e-06  1.00000e-06
       4426.0000  1.00000e-06  1.00000e-06
       4432.0000  1.00000e-06  1.00000e-06
       4438.0000  1.00000e-06  1.00000e-06
       4444.0000  1.00000e-06  1.00000e-06
       4450.0000  1.00000e-06  1.00000e-06
       4456.0000  1.00000e-06  1.00000e-06
       4462.0000  1.00000e-06  1.00000e-06
       4468.0000  1.00000e-06  1.00000e-06
       4474.0000  1.00000e-06  1.00000e-06
       4480.0000  1.00000e-06  1.00000e-06
       4486.0000  1.00000e-06  1.00000e-06
       4492.0000  1.00000e-06  1.00000e-06
       4498.0000  1.00000e-06  1.00000e-06
       4504.0000  1.00000e-06  1.00000e-06
       4510.0000  1.00000e-06  1.00000e-06
       4516.0000  1.00000e-06  1.00000e-06
       4522.0000  1.00000e-06  1.00000e-06
       4528.0000  1.00000e-06  1.00000e-06
       4534.0000  1.00000e-06  1.00000e-06
       4540.0000  1.00000e-06  1.00000e-06
       4546.0000  1.00000e-06  1.00000e-06
       4552.0000  1.00000e-06  1.00000e-06
       4558.0000  1.00000e-06  1.00000e-06
       4564.0000  1.00000e-06  1.00000e-06
       4570.0000  1.00000e-06  1.00000e-06
       4576.0000  1.00000e-06  1.00000e-06
       4582.0000  1.00000e-06  1.00000e-06
       4588.0000  1.00000e-06  1.00000e-06
       4594.0000  1.00000e-06  1.00000e-06
       4600.0000  1.00000e-06  1.00000e-06
       4606.0000  1.00000e-06  1.00000e-06
       4612.0000  1.00000e-06  1.00000e-06
       4618.0000  1.00000e-06  1.00000e-06
       4624.0000  1.00000e-06  1.00000e-06
       4630.0000  1.00000e-06  1.00000e-06
       4636.0000  1.00000e-06  1.00000e-06
       4642.0000  1.00000e-06  1.00000e-06
       4648.0000  1.00000e-06  1.00000e-06
       4654.0000  1.00000e-06  1.00000e-06
       4660.0000  1.00000e-06  1.00000e-06
       4666.0000  1.00000e-06  1.00000e-06
       4672.0000  1.00000e-06  1.00000e-06
       4678.0000  1.00000e-06  1.00000e-06
       4684.0000  1.00000e-06  1.00000e-06
       4690.0000  1.00000e-06  1.00000e-06
       4696.0000  1.00000e-06  1.00000e-06
       4702.0000  1.00000e-06  1.00000e-06
       4708.0000  1.00000e-06  1.00000e-06
       4714.0000  1.00000e-06  1.00000e-06
       4720.0000  1.00000e-06  1.00000e-06
       4726.0000  1.00000e-06  1.00000e-06
       4732.0000  1.00000e-06  1.00000e-06
       4738.0000  1.00000e-06  1.00000e-06
       4744.0000  1.00000e-06  1.00000e-06
       4750.0000  1.00000e-06  1.00000e-06
       4756.0000  1.00000e-06  1.00000e-06
       4762.0000  1.00000e-06  1.00000e-06
       4768.0000  1.00000e-06  1.00000e-06
       4774.0000  1.00000e-06  1.00000e-06
       4780.0000  1.00000e-06  1.00000e-06
       4786.0000  1.00000e-06  1.00000e-06
       4792.0000  1.00000e-06  1.00000e-06
       4798.0000  1.00000e-06  1.00000e-06
       4804.0000  1.00000e-06  1.00000e-06
       4810.0000  1.00000e-06  1.00000e-06
       4816.0000  1.00000e-06  1.00000e-06
       4822.0000  1.00000e-06  1.00000e-06
       4828.0000  1.00000e-06  1.00000e-06
       4834.0000  1.00000e-06  1.00000e-06
       4840.0000  1.00000e-06  1.00000e-06
       4846.0000  1.00000e-06  1.00000e-06
       4852.0000  1.00000e-06  1.00000e-06
       4858.0000  1.00000e-06  1.00000e-06
       4864.0000  1.00000e-06  1.00000e-06
       4870.0000  1.00000e-06  1.00000e-06
       4876.0000  1.00000e-06  1.00000e-06
       4882.0000  1.00000e-06  1.00000e-06
       4888.0000  1.00000e-06  1.00000e-06
       4894.0000  1.00000e-06  1.00000e-06
       4900.0000  1.00000e-06  1.00000e-06
       4906.0000  1.00000e-06  1.00000e-06
       4912.0000  1.00000e-06  1.00000e-06
       4918.0000  1.00000e-06  1.00000e-06
       4924.0000  1.00000e-06  1.00000e-06
       4930.0000  1.00000e-06  1.00000e-06
       4936.0000  1.00000e-06  1.00000e-06
       4942.0000  1.00000e-06  1.00000e-06
       4948.0000  1.00000e-06  1.00000e-06
       4954.0000  1.00000e-06  1.00000e-06
       4960.0000  1.00000e-06  1.00000e-06
       4966.0000  1.00000e-06  1.00000e-06
       4972.0000  1.00000e-06  1.00000e-06
       4978.0000  1.00000e-06  1.00000e-06
       4984.0000  1.00000e-06  1.00000e-06
       4990.0000  1.00000e-06  1.00000e-06
       4996.0000  1.00000e-06  1.00000e-06
       5002.0000  1.00000e-06  1.00000e-06
       5008.0000  1.00000e-06  1.00000e-06
       5014.0000  1.00000e-06  1.00000e-06
       5020.0000  1.00000e-06  1.00000e-06
       5026.0000  1.00000e-06  4.03601e-06
       5032.0000  1.00000e-06  7.50800e-06
       5038.0000  1.00000e-06  1.00104e-05
       5044.0000  1.00000e-06  1.14337e-05
       5050.0000  1.00000e-06  1.30364e-05
       5056.0000  1.00000e-06  1.69451e-05
       5062.0000  1.00000e-06  2.08537e-05
       5068.0000  1.00000e-06  2.23927e-05
       5074.0000  1.00000e-06  2.27703e-05
       5080.0000  1.00000e-06  2.35472e-05
       5086.0000  1.00000e-06  2.54037e-05
       5092.0000  1.00000e-06  2.72603e-05
       5098.0000  1.00000e-06  2.93082e-05
       5104.0000  1.00000e-06  3.13850e-05
       5110.0000  1.00000e-06  3.17292e-05
       5116.0000  1.00000e-06  3.01014e-05
       5122.0000  1.00000e-06  2.82931e-05
       5128.0000  1.00000e-06  2.39530e-05
       5134.0000  1.00000e-06  1.96129e-05
       5140.0000  1.00000e-06  1.90571e-05
       5146.0000  1.00000e-06  2.04038e-05
       5152.0000  1.00000e-06  2.05391e-05
       5158.0000  1.00000e-06  1.73025e-05
       5164.0000  1.00000e-06  1.40660e-05
       5170.0000  1.00000e-06  1.29293e-05
       5176.0000  1.00000e-06  1.21255e-05
       5182.0000  1.00000e-06  1.50366e-05
       5188.0000  1.00000e-06  2.22723e-05
       5194.0000  1.00000e-06  2.93583e-05
       5200.0000  1.00000e-06  3.41385e-05
       5206.0000  1.00000e-06  3.89187e-05
       5212.0000  1.00000e-06  4.02004e-05
       5218.0000  1.00000e-06  3.96785e-05
       5224.0000  1.00000e-06  3.93398e-05
       5230.0000  1.00000e-06  3.95256e-05
       5236.0000  1.00000e-06  3.97114e-05
       5242.0000  1.00000e-06  4.11177e-05
       5248.0000  1.00000e-06  4.27268e-05
       5254.0000  1.00000e-06  4.36947e-05
       5260.0000  1.00000e-06  4.38991e-05
       5266.0000  1.00000e-06  4.41023e-05
       5272.0000  1.00000e-06  4.42838e-05
       5278.0000  1.00000e-06  4.44653e-05
       5284.0000  1.00000e-06  4.33389e-05
       5290.0000  1.00000e-06  4.15210e-05
       5296.0000  1.00000e-06  4.06615e-05
       5302.0000  1.00000e-06  4.26301e-05
       5308.0000  1.00000e-06  4.45987e-05
       5314.0000  1.00000e-06  4.84187e-05
       5320.0000  1.00000e-06  5.25605e-05
       5326.0000  1.00000e-06  5.72821e-05
       5332.0000  1.00000e-06  6.27103e-05
       5338.0000  1.00000e-06  6.78610e-05
       5344.0000  1.00000e-06  6.76988e-05
       5350.0000  1.00000e-06  6.75366e-05
       5356.0000  1.00000e-06  6.81351e-05
       5362.0000  1.00000e-06  6.91458e-05
       5368.0000  1.00000e-06  7.07308e-05
       5374.0000  1.00000e-06  7.40629e-05
       5380.0000  1.00000e-06  7.73949e-05
       5386.0000  1.00000e-06  8.01770e-05
       5392.0000  1.00000e-06  8.28591e-05
       5398.0000  1.00000e-06  8.68452e-05
       5404.0000  1.00000e-06  9.24565e-05
       5410.0000  1.00000e-06  9.77441e-05
       5416.0000  1.00000e-06  9.60020e-05
       5422.0000  1.00000e-06  9.42599e-05
       5428.0000  1.00000e-06  9.04693e-05
       5434.0000  1.00000e-06  8.55408e-05
       5440.0000  1.00000e-06  8.13739e-05
       5446.0000  1.00000e-06  7.95958e-05
       5452.0000  1.00000e-06  7.78176e-05
       5458.0000  1.00000e-06  7.76085e-05
       5464.0000  1.00000e-06  7.76968e-05
       5470.0000  1.00000e-06  7.72322e-05
       5476.0000  1.00000e-06  7.60625e-05
       5482.0000  1.00000e-06  7.51873e-05
       5488.0000  1.00000e-06  8.16838e-05
       5494.0000  1.00000e-06  8.81802e-05
