      -500.00000  1.00000e-06  8.90734e-05
      -494.00000  1.00000e-06  9.01933e-05
      -488.00000  1.00000e-06  9.16726e-05
      -482.00000  1.00000e-06  9.55533e-05
      -476.00000  1.00000e-06  9.94339e-05
      -470.00000  1.00000e-06  9.97083e-05
      -464.00000  1.00000e-06  9.86295e-05
      -458.00000  1.00000e-06  9.70515e-05
      -452.00000  1.00000e-06  9.44325e-05
      -446.00000  1.00000e-06  9.18135e-05
      -440.00000  1.00000e-06  9.17655e-05
      -434.00000  1.00000e-06  9.19379e-05
      -428.00000  1.00000e-06  8.88749e-05
      -422.00000  1.00000e-06  8.28008e-05
      -416.00000  1.00000e-06  7.68389e-05
      -410.00000  1.00000e-06  7.17410e-05
      -404.00000  1.00000e-06  6.66431e-05
      -398.00000  1.00000e-06  7.15851e-05
      -392.00000  1.00000e-06  8.05911e-05
      -386.00000  1.00000e-06  8.87418e-05
      -380.00000  1.00000e-06  9.49780e-05
      -374.00000  1.00000e-06  0.000101214
      -368.00000  1.00000e-06  9.63953e-05
      -362.00000  1.00000e-06  9.04263e-05
      -356.00000  1.00000e-06  8.80829e-05
      -350.00000  1.00000e-06  8.93261e-05
      -344.00000  1.00000e-06  9.12049e-05
      -338.00000  1.00000e-06  9.88269e-05
      -332.00000  1.00000e-06  0.000106449
      -326.00000  1.00000e-06  0.000114903
      -320.00000  1.00000e-06  0.000123720
      -314.00000  1.00000e-06  0.000128728
      -308.00000  1.00000e-06  0.000124572
      -302.00000  1.00000e-06  0.000120415
      -296.00000  1.00000e-06  0.000117968
      -290.00000  1.00000e-06  0.000115732
      -284.00000  1.00000e-06  0.000114460
      -278.00000  1.00000e-06  0.000114201
      -272.00000  1.00000e-06  0.000114562
      -266.00000  1.00000e-06  0.000121650
      -260.00000  1.00000e-06  0.000128738
      -254.00000  1.00000e-06  0.000129745
      -248.00000  1.00000e-06  0.000127908
      -242.00000  1.00000e-06  0.000126417
      -236.00000  1.00000e-06  0.000125822
      -230.00000  1.00000e-06  0.000125228
      -224.00000  1.00000e-06  0.000125340
      -218.00000  1.00000e-06  0.000125552
      -212.00000  1.00000e-06  0.000124474
      -206.00000  1.00000e-06  0.000121955
      -200.00000  1.00000e-06  0.000119508
      -194.00000  1.00000e-06  0.000118045
      -188.00000  1.00000e-06  0.000116581
      -182.00000  1.00000e-06  0.000117266
      -176.00000  1.00000e-06  0.000119029
      -170.00000  1.00000e-06  0.000121147
      -164.00000  1.00000e-06  0.000124264
      -158.00000  1.00000e-06  0.000127380
      -152.00000  1.00000e-06  0.000126767
      -146.00000  1.00000e-06  0.000125546
      -140.00000  1.00000e-06  0.000125901
      -134.00000  1.00000e-06  0.000128130
      -128.00000  1.00000e-06  0.000130895
      -122.00000  1.00000e-06  0.000143084
      -116.00000  1.00000e-06  0.000155273
      -110.00000  1.00000e-06  0.000168579
      -104.00000  1.00000e-06  0.000182484
      -98.000000  1.00000e-06  0.000195719
      -92.000000  1.00000e-06  0.000206918
      -86.000000  1.00000e-06  0.000218116
      -80.000000  1.00000e-06  0.000240299
      -74.000000  1.00000e-06  0.000264502
      -68.000000  1.00000e-06  0.000305471
      -62.000000  1.00000e-06  0.000367637
      -56.000000  1.00000e-06  0.000433733
      -50.000000  1.00000e-06  0.000597762
      -44.000000  1.00000e-06  0.000761791
      -38.000000  1.00000e-06   0.00112542
      -32.000000  1.00000e-06   0.00160352
      -26.000000  1.00000e-06   0.00227481
      -20.000000  1.00000e-06   0.00358390
      -14.000000  1.00000e-06   0.00489299
      -8.0000000  1.00000e-06   0.00765931
      -2.0000000  1.00000e-06    0.0107253
       4.0000000  1.00000e-06    0.0150118
       10.000000  1.00000e-06    0.0209404
       16.000000  1.00000e-06    0.0269535
       22.000000  1.00000e-06    0.0365034
       28.000000  1.00000e-06    0.0460534
       34.000000  1.00000e-06    0.0576224
       40.000000  1.00000e-06    0.0704274
       46.000000  1.00000e-06    0.0835656
       52.000000  1.00000e-06    0.0979040
       58.000000  1.00000e-06     0.112242
       64.000000  1.00000e-06     0.125532
       70.000000  1.00000e-06     0.138581
       76.000000  1.00000e-06     0.149805
       82.000000  1.00000e-06     0.158413
       88.000000  1.00000e-06     0.166968
       94.000000  1.00000e-06     0.168936
       100.00000  1.00000e-06     0.170904
       106.00000  1.00000e-06     0.168658
       112.00000  1.00000e-06     0.163661
       118.00000  1.00000e-06     0.157523
       124.00000  1.00000e-06     0.146877
       130.00000  1.00000e-06     0.136230
       136.00000  1.00000e-06     0.123346
       142.00000  1.00000e-06     0.109899
       148.00000  1.00000e-06    0.0965638
       154.00000  1.00000e-06    0.0833987
       160.00000  1.00000e-06    0.0702335
       166.00000  1.00000e-06    0.0592549
       172.00000  1.00000e-06    0.0482922
       178.00000  1.00000e-06    0.0391614
       184.00000  1.00000e-06    0.0313049
       190.00000  1.00000e-06    0.0240333
       196.00000  1.00000e-06    0.0193098
       202.00000  1.00000e-06    0.0145863
       208.00000  1.00000e-06    0.0117634
       214.00000  1.00000e-06   0.00946538
       220.00000  1.00000e-06   0.00771979
       226.00000  1.00000e-06   0.00687339
       232.00000  1.00000e-06   0.00602698
       238.00000  1.00000e-06   0.00595618
       244.00000  1.00000e-06   0.00590323
       250.00000  1.00000e-06   0.00613880
       256.00000  1.00000e-06   0.00658808
       262.00000  1.00000e-06   0.00709361
       268.00000  1.00000e-06   0.00787092
       274.00000  1.00000e-06   0.00864823
       280.00000  1.00000e-06   0.00969847
       286.00000  1.00000e-06    0.0108310
       292.00000  1.00000e-06    0.0120904
       298.00000  1.00000e-06    0.0135702
       304.00000  1.00000e-06    0.0150500
       310.00000  1.00000e-06    0.0168111
       316.00000  1.00000e-06    0.0185832
       322.00000  1.00000e-06    0.0204308
       328.00000  1.00000e-06    0.0223377
       334.00000  1.00000e-06    0.0242371
       340.00000  1.00000e-06    0.0260954
       346.00000  1.00000e-06    0.0279537
       352.00000  1.00000e-06    0.0295923
       358.00000  1.00000e-06    0.0311590
       364.00000  1.00000e-06    0.0325349
       370.00000  1.00000e-06    0.0335568
       376.00000  1.00000e-06    0.0345787
       382.00000  1.00000e-06    0.0349736
       388.00000  1.00000e-06    0.0353335
       394.00000  1.00000e-06    0.0353141
       400.00000  1.00000e-06    0.0349766
       406.00000  1.00000e-06    0.0346033
       412.00000  1.00000e-06    0.0340118
       418.00000  1.00000e-06    0.0334202
       424.00000  1.00000e-06    0.0327329
       430.00000  1.00000e-06    0.0320117
       436.00000  1.00000e-06    0.0312982
       442.00000  1.00000e-06    0.0306003
       448.00000  1.00000e-06    0.0299024
       454.00000  1.00000e-06    0.0294868
       460.00000  1.00000e-06    0.0290919
       466.00000  1.00000e-06    0.0289989
       472.00000  1.00000e-06    0.0291749
       478.00000  1.00000e-06    0.0294197
       484.00000  1.00000e-06    0.0301428
       490.00000  1.00000e-06    0.0308659
       496.00000  1.00000e-06    0.0318363
       502.00000  1.00000e-06    0.0329017
       508.00000  1.00000e-06    0.0339833
       514.00000  1.00000e-06    0.0350994
       520.00000  1.00000e-06    0.0362156
       526.00000  1.00000e-06    0.0373357
       532.00000  1.00000e-06    0.0384562
       538.00000  1.00000e-06    0.0396485
       544.00000  1.00000e-06    0.0409088
       550.00000  1.00000e-06    0.0421907
       556.00000  1.00000e-06    0.0436460
       562.00000  1.00000e-06    0.0451013
       568.00000  1.00000e-06    0.0465121
       574.00000  1.00000e-06    0.0479045
       580.00000  1.00000e-06    0.0492605
       586.00000  1.00000e-06    0.0505333
       592.00000  1.00000e-06    0.0518062
       598.00000  1.00000e-06    0.0530661
       604.00000  1.00000e-06    0.0543247
       610.00000  1.00000e-06    0.0556460
       616.00000  1.00000e-06    0.0570307
       622.00000  1.00000e-06    0.0584227
       628.00000  1.00000e-06    0.0598841
       634.00000  1.00000e-06    0.0613455
       640.00000  1.00000e-06    0.0628852
       646.00000  1.00000e-06    0.0644597
       652.00000  1.00000e-06    0.0660740
       658.00000  1.00000e-06    0.0677861
       664.00000  1.00000e-06    0.0694981
       670.00000  1.00000e-06    0.0710274
       676.00000  1.00000e-06    0.0725331
       682.00000  1.00000e-06    0.0739542
       688.00000  1.00000e-06    0.0752848
       694.00000  1.00000e-06    0.0766094
       700.00000  1.00000e-06    0.0778658
       706.00000  1.00000e-06    0.0791222
       712.00000  1.00000e-06    0.0803045
       718.00000  1.00000e-06    0.0814514
       724.00000  1.00000e-06    0.0826064
       730.00000  1.00000e-06    0.0837831
       736.00000  1.00000e-06    0.0849597
       742.00000  1.00000e-06    0.0862514
       748.00000  1.00000e-06    0.0875601
       754.00000  1.00000e-06    0.0889861
       760.00000  1.00000e-06    0.0905458
       766.00000  1.00000e-06    0.0921104
       772.00000  1.00000e-06    0.0937465
       778.00000  1.00000e-06    0.0953826
       784.00000  1.00000e-06    0.0970819
       790.00000  1.00000e-06    0.0988135
       796.00000  1.00000e-06     0.100571
       802.00000  1.00000e-06     0.102402
       808.00000  1.00000e-06     0.104232
       814.00000  1.00000e-06     0.105855
       820.00000  1.00000e-06     0.107444
       826.00000  1.00000e-06     0.108858
       832.00000  1.00000e-06     0.110062
       838.00000  1.00000e-06     0.111270
       844.00000  1.00000e-06     0.112557
       850.00000  1.00000e-06     0.113844
       856.00000  1.00000e-06     0.115355
       862.00000  1.00000e-06     0.116988
       868.00000  1.00000e-06     0.118683
       874.00000  1.00000e-06     0.120568
       880.00000  1.00000e-06     0.122453
       886.00000  1.00000e-06     0.124617
       892.00000  1.00000e-06     0.126834
       898.00000  1.00000e-06     0.129278
       904.00000  1.00000e-06     0.132014
       910.00000  1.00000e-06     0.134765
       916.00000  1.00000e-06     0.137937
       922.00000  1.00000e-06     0.141108
       928.00000  1.00000e-06     0.144272
       934.00000  1.00000e-06     0.147432
       940.00000  1.00000e-06     0.150506
       946.00000  1.00000e-06     0.153286
       952.00000  1.00000e-06     0.156066
       958.00000  1.00000e-06     0.158448
       964.00000  1.00000e-06     0.160745
       970.00000  1.00000e-06     0.162639
       976.00000  1.00000e-06     0.163982
       982.00000  1.00000e-06     0.165311
       988.00000  1.00000e-06     0.165900
       994.00000  1.00000e-06     0.166488
       1000.0000  1.00000e-06     0.166910
       1006.0000  1.00000e-06     0.167229
       1012.0000  1.00000e-06     0.167493
       1018.0000  1.00000e-06     0.167550
       1024.0000  1.00000e-06     0.167607
       1030.0000  1.00000e-06     0.167527
       1036.0000  1.00000e-06     0.167414
       1042.0000  1.00000e-06     0.167456
       1048.0000  1.00000e-06     0.167725
       1054.0000  1.00000e-06     0.167994
       1060.0000  1.00000e-06     0.168577
       1066.0000  1.00000e-06     0.169160
       1072.0000  1.00000e-06     0.169890
       1078.0000  1.00000e-06     0.170719
       1084.0000  1.00000e-06     0.171570
       1090.0000  1.00000e-06     0.172511
       1096.0000  1.00000e-06     0.173452
       1102.0000  1.00000e-06     0.174360
       1108.0000  1.00000e-06     0.175259
       1114.0000  1.00000e-06     0.176235
       1120.0000  1.00000e-06     0.177332
       1126.0000  1.00000e-06     0.178428
       1132.0000  1.00000e-06     0.179948
       1138.0000  1.00000e-06     0.181474
       1144.0000  1.00000e-06     0.183378
       1150.0000  1.00000e-06     0.185551
       1156.0000  1.00000e-06     0.187816
       1162.0000  1.00000e-06     0.190491
       1168.0000  1.00000e-06     0.193166
       1174.0000  1.00000e-06     0.196217
       1180.0000  1.00000e-06     0.199375
       1186.0000  1.00000e-06     0.202600
       1192.0000  1.00000e-06     0.205938
       1198.0000  1.00000e-06     0.209275
       1204.0000  1.00000e-06     0.212462
       1210.0000  1.00000e-06     0.215643
       1216.0000  1.00000e-06     0.218924
       1222.0000  1.00000e-06     0.222279
       1228.0000  1.00000e-06     0.225564
       1234.0000  1.00000e-06     0.228499
       1240.0000  1.00000e-06     0.231435
       1246.0000  1.00000e-06     0.233579
       1252.0000  1.00000e-06     0.235477
       1258.0000  1.00000e-06     0.237058
       1264.0000  1.00000e-06     0.238075
       1270.0000  1.00000e-06     0.239093
       1276.0000  1.00000e-06     0.239139
       1282.0000  1.00000e-06     0.239143
       1288.0000  1.00000e-06     0.238478
       1294.0000  1.00000e-06     0.237276
       1300.0000  1.00000e-06     0.235964
       1306.0000  1.00000e-06     0.234043
       1312.0000  1.00000e-06     0.232122
       1318.0000  1.00000e-06     0.230106
       1324.0000  1.00000e-06     0.228057
       1330.0000  1.00000e-06     0.226235
       1336.0000  1.00000e-06     0.224842
       1342.0000  1.00000e-06     0.223449
       1348.0000  1.00000e-06     0.223022
       1354.0000  1.00000e-06     0.222654
       1360.0000  1.00000e-06     0.222901
       1366.0000  1.00000e-06     0.223673
       1372.0000  1.00000e-06     0.224582
       1378.0000  1.00000e-06     0.226349
       1384.0000  1.00000e-06     0.228116
       1390.0000  1.00000e-06     0.229929
       1396.0000  1.00000e-06     0.231759
       1402.0000  1.00000e-06     0.233702
       1408.0000  1.00000e-06     0.235873
       1414.0000  1.00000e-06     0.238045
       1420.0000  1.00000e-06     0.240508
       1426.0000  1.00000e-06     0.242993
       1432.0000  1.00000e-06     0.245520
       1438.0000  1.00000e-06     0.248085
       1444.0000  1.00000e-06     0.250618
       1450.0000  1.00000e-06     0.252921
       1456.0000  1.00000e-06     0.255225
       1462.0000  1.00000e-06     0.257021
       1468.0000  1.00000e-06     0.258619
       1474.0000  1.00000e-06     0.259982
       1480.0000  1.00000e-06     0.260835
       1486.0000  1.00000e-06     0.261689
       1492.0000  1.00000e-06     0.262218
       1498.0000  1.00000e-06     0.262716
       1504.0000  1.00000e-06     0.262956
       1510.0000  1.00000e-06     0.262946
       1516.0000  1.00000e-06     0.262787
       1522.0000  1.00000e-06     0.261362
       1528.0000  1.00000e-06     0.259937
       1534.0000  1.00000e-06     0.257627
       1540.0000  1.00000e-06     0.254943
       1546.0000  1.00000e-06     0.251993
       1552.0000  1.00000e-06     0.248421
       1558.0000  1.00000e-06     0.244849
       1564.0000  1.00000e-06     0.239708
       1570.0000  1.00000e-06     0.234387
       1576.0000  1.00000e-06     0.227942
       1582.0000  1.00000e-06     0.220344
       1588.0000  1.00000e-06     0.212638
       1594.0000  1.00000e-06     0.203852
       1600.0000  1.00000e-06     0.195067
       1606.0000  1.00000e-06     0.185879
       1612.0000  1.00000e-06     0.176508
       1618.0000  1.00000e-06     0.166966
       1624.0000  1.00000e-06     0.156994
       1630.0000  1.00000e-06     0.147021
       1636.0000  1.00000e-06     0.136999
       1642.0000  1.00000e-06     0.126969
       1648.0000  1.00000e-06     0.117143
       1654.0000  1.00000e-06     0.107539
       1660.0000  1.00000e-06    0.0979912
       1666.0000  1.00000e-06    0.0891421
       1672.0000  1.00000e-06    0.0802931
       1678.0000  1.00000e-06    0.0722502
       1684.0000  1.00000e-06    0.0646004
       1690.0000  1.00000e-06    0.0573131
       1696.0000  1.00000e-06    0.0510103
       1702.0000  1.00000e-06    0.0447075
       1708.0000  1.00000e-06    0.0395443
       1714.0000  1.00000e-06    0.0345573
       1720.0000  1.00000e-06    0.0301656
       1726.0000  1.00000e-06    0.0264643
       1732.0000  1.00000e-06    0.0228372
       1738.0000  1.00000e-06    0.0203731
       1744.0000  1.00000e-06    0.0179090
       1750.0000  1.00000e-06    0.0160493
       1756.0000  1.00000e-06    0.0145053
       1762.0000  1.00000e-06    0.0131242
       1768.0000  1.00000e-06    0.0122222
       1774.0000  1.00000e-06    0.0113203
       1780.0000  1.00000e-06    0.0109892
       1786.0000  1.00000e-06    0.0107582
       1792.0000  1.00000e-06    0.0108403
       1798.0000  1.00000e-06    0.0113087
       1804.0000  1.00000e-06    0.0118106
       1810.0000  1.00000e-06    0.0130300
       1816.0000  1.00000e-06    0.0142495
       1822.0000  1.00000e-06    0.0161080
       1828.0000  1.00000e-06    0.0183234
       1834.0000  1.00000e-06    0.0208621
       1840.0000  1.00000e-06    0.0244326
       1846.0000  1.00000e-06    0.0280031
       1852.0000  1.00000e-06    0.0328776
       1858.0000  1.00000e-06    0.0380089
       1864.0000  1.00000e-06    0.0437811
       1870.0000  1.00000e-06    0.0503944
       1876.0000  1.00000e-06    0.0570513
       1882.0000  1.00000e-06    0.0651429
       1888.0000  1.00000e-06    0.0732346
       1894.0000  1.00000e-06    0.0823550
       1900.0000  1.00000e-06    0.0920890
       1906.0000  1.00000e-06     0.102155
       1912.0000  1.00000e-06     0.113373
       1918.0000  1.00000e-06     0.124592
       1924.0000  1.00000e-06     0.136752
       1930.0000  1.00000e-06     0.149118
       1936.0000  1.00000e-06     0.161847
       1942.0000  1.00000e-06     0.175083
       1948.0000  1.00000e-06     0.188324
       1954.0000  1.00000e-06     0.201964
       1960.0000  1.00000e-06     0.215603
       1966.0000  1.00000e-06     0.229145
       1972.0000  1.00000e-06     0.242624
       1978.0000  1.00000e-06     0.256081
       1984.0000  1.00000e-06     0.269457
       1990.0000  1.00000e-06     0.282834
       1996.0000  1.00000e-06     0.295724
       2002.0000  1.00000e-06     0.308497
       2008.0000  1.00000e-06     0.320804
       2014.0000  1.00000e-06     0.332418
       2020.0000  1.00000e-06     0.344032
       2026.0000  1.00000e-06     0.354503
       2032.0000  1.00000e-06     0.364973
       2038.0000  1.00000e-06     0.374592
       2044.0000  1.00000e-06     0.383635
       2050.0000  1.00000e-06     0.392404
       2056.0000  1.00000e-06     0.400025
       2062.0000  1.00000e-06     0.407647
       2068.0000  1.00000e-06     0.414404
       2074.0000  1.00000e-06     0.420932
       2080.0000  1.00000e-06     0.426998
       2086.0000  1.00000e-06     0.432331
       2092.0000  1.00000e-06     0.437665
       2098.0000  1.00000e-06     0.441917
       2104.0000  1.00000e-06     0.446151
       2110.0000  1.00000e-06     0.449813
       2116.0000  1.00000e-06     0.453061
       2122.0000  1.00000e-06     0.456103
       2128.0000  1.00000e-06     0.458185
       2134.0000  1.00000e-06     0.460266
       2140.0000  1.00000e-06     0.461031
       2146.0000  1.00000e-06     0.461413
       2152.0000  1.00000e-06     0.461286
       2158.0000  1.00000e-06     0.460299
       2164.0000  1.00000e-06     0.459312
       2170.0000  1.00000e-06     0.457464
       2176.0000  1.00000e-06     0.455587
       2182.0000  1.00000e-06     0.452961
       2188.0000  1.00000e-06     0.449757
       2194.0000  1.00000e-06     0.446321
       2200.0000  1.00000e-06     0.441678
       2206.0000  1.00000e-06     0.437036
       2212.0000  1.00000e-06     0.431483
       2218.0000  1.00000e-06     0.425641
       2224.0000  1.00000e-06     0.419549
       2230.0000  1.00000e-06     0.413004
       2236.0000  1.00000e-06     0.406459
       2242.0000  1.00000e-06     0.399618
       2248.0000  1.00000e-06     0.392763
       2254.0000  1.00000e-06     0.385773
       2260.0000  1.00000e-06     0.378674
       2266.0000  1.00000e-06     0.371562
       2272.0000  1.00000e-06     0.364376
       2278.0000  1.00000e-06     0.357190
       2284.0000  1.00000e-06     0.350059
       2290.0000  1.00000e-06     0.342948
       2296.0000  1.00000e-06     0.335876
       2302.0000  1.00000e-06     0.328878
       2308.0000  1.00000e-06     0.321881
       2314.0000  1.00000e-06     0.314838
       2320.0000  1.00000e-06     0.307791
       2326.0000  1.00000e-06     0.300492
       2332.0000  1.00000e-06     0.292971
       2338.0000  1.00000e-06     0.285328
       2344.0000  1.00000e-06     0.276873
       2350.0000  1.00000e-06     0.268418
       2356.0000  1.00000e-06     0.258981
       2362.0000  1.00000e-06     0.249178
       2368.0000  1.00000e-06     0.238939
       2374.0000  1.00000e-06     0.227796
       2380.0000  1.00000e-06     0.216654
       2386.0000  1.00000e-06     0.204666
       2392.0000  1.00000e-06     0.192607
       2398.0000  1.00000e-06     0.180282
       2404.0000  1.00000e-06     0.167712
       2410.0000  1.00000e-06     0.155156
       2416.0000  1.00000e-06     0.142701
       2422.0000  1.00000e-06     0.130247
       2428.0000  1.00000e-06     0.118386
       2434.0000  1.00000e-06     0.106763
       2440.0000  1.00000e-06    0.0955786
       2446.0000  1.00000e-06    0.0853700
       2452.0000  1.00000e-06    0.0751615
       2458.0000  1.00000e-06    0.0664710
       2464.0000  1.00000e-06    0.0579355
       2470.0000  1.00000e-06    0.0502051
       2476.0000  1.00000e-06    0.0432663
       2482.0000  1.00000e-06    0.0364948
       2488.0000  1.00000e-06    0.0312093
       2494.0000  1.00000e-06    0.0259239
       2500.0000  1.00000e-06    0.0217917
       2506.0000  1.00000e-06    0.0181582
       2512.0000  1.00000e-06    0.0149284
       2518.0000  1.00000e-06    0.0126626
       2524.0000  1.00000e-06    0.0103967
       2530.0000     0.239172   0.00900339
       2536.0000     0.850768   0.00771560
       2542.0000      1.24961   0.00669166
       2548.0000      1.00080   0.00594347
       2554.0000     0.177939   0.00522311
       2560.0000  1.00000e-06   0.00479873
       2566.0000  1.00000e-06   0.00437434
       2572.0000     0.153558   0.00411272
       2578.0000      1.32655   0.00392668
       2584.0000      2.47034   0.00377483
       2590.0000      3.14044   0.00371099
       2596.0000      3.32006   0.00364714
       2602.0000      2.85448   0.00362721
       2608.0000      1.97073   0.00361345
       2614.0000      1.19148   0.00359130
       2620.0000     0.981346   0.00355982
       2626.0000     0.891939   0.00352915
       2632.0000     0.767344   0.00350913
       2638.0000     0.578848   0.00348910
       2644.0000     0.133283   0.00347919
       2650.0000  1.00000e-06   0.00347430
       2656.0000  1.00000e-06   0.00345682
       2662.0000  1.00000e-06   0.00340431
       2668.0000  1.00000e-06   0.00335179
       2674.0000  1.00000e-06   0.00332685
       2680.0000  1.00000e-06   0.00330633
       2686.0000     0.496211   0.00328576
       2692.0000     0.701209   0.00326513
       2698.0000     0.488545   0.00324299
       2704.0000    0.0701610   0.00319513
       2710.0000  1.00000e-06   0.00314728
       2716.0000  1.00000e-06   0.00310003
       2722.0000     0.244426   0.00305311
       2728.0000     0.833476   0.00301250
       2734.0000      1.65615   0.00299091
       2740.0000      2.42844   0.00296933
       2746.0000      3.03926   0.00293274
       2752.0000      3.53279   0.00289341
       2758.0000      4.05270   0.00285530
       2764.0000      4.67826   0.00281870
       2770.0000      5.38116   0.00278224
       2776.0000      6.25196   0.00274931
       2782.0000      7.57418   0.00271638
       2788.0000      9.42271   0.00267001
       2794.0000      11.4087   0.00261598
       2800.0000      13.2050   0.00256062
       2806.0000      15.0757   0.00250090
       2812.0000      17.2352   0.00244118
       2818.0000      19.8736   0.00238395
       2824.0000      23.0342   0.00232723
       2830.0000      26.9171   0.00226226
       2836.0000      31.6506   0.00218627
       2842.0000      36.5164   0.00211028
       2848.0000      40.8078   0.00203486
       2854.0000      44.7797   0.00195944
       2860.0000      49.1400   0.00189040
       2866.0000      54.5091   0.00182525
       2872.0000      60.9306   0.00176034
       2878.0000      68.0530   0.00169629
       2884.0000      75.2854   0.00163224
       2890.0000      82.4204   0.00156568
       2896.0000      88.4429   0.00149855
       2902.0000      92.1205   0.00143786
       2908.0000      94.0703   0.00138632
       2914.0000      94.9900   0.00133483
       2920.0000      94.6453   0.00128869
       2926.0000      93.1576   0.00124255
       2932.0000      90.5490   0.00118871
       2938.0000      85.7516   0.00112987
       2944.0000      78.3973   0.00107220
       2950.0000      68.7812   0.00101913
       2956.0000      57.8230  0.000966067
       2962.0000      46.9621  0.000928792
       2968.0000      38.0391  0.000895454
       2974.0000      32.5096  0.000869728
       2980.0000      30.7680  0.000855541
       2986.0000      31.3396  0.000841355
       2992.0000      32.5076  0.000826308
       2998.0000      31.9523  0.000811255
       3004.0000      29.7629  0.000790370
       3010.0000      26.7144  0.000765454
       3016.0000      24.1071  0.000740266
       3022.0000      22.3415  0.000713911
       3028.0000      21.7662  0.000687556
       3034.0000      21.7946  0.000660096
       3040.0000      19.7465  0.000632334
       3046.0000      14.4471  0.000606389
       3052.0000      6.58063  0.000583382
       3058.0000     0.357854  0.000560376
       3064.0000  1.00000e-06  0.000535468
       3070.0000  1.00000e-06  0.000510520
       3076.0000  1.00000e-06  0.000487247
       3082.0000  1.00000e-06  0.000465206
       3088.0000  1.00000e-06  0.000443150
       3094.0000  1.00000e-06  0.000421022
       3100.0000  1.00000e-06  0.000398894
       3106.0000  1.00000e-06  0.000380466
       3112.0000  1.00000e-06  0.000363142
       3118.0000  1.00000e-06  0.000345622
       3124.0000  1.00000e-06  0.000327763
       3130.0000  1.00000e-06  0.000309904
       3136.0000  1.00000e-06  0.000290984
       3142.0000  1.00000e-06  0.000272024
       3148.0000  1.00000e-06  0.000255051
       3154.0000  1.00000e-06  0.000239635
       3160.0000  1.00000e-06  0.000225930
       3166.0000  1.00000e-06  0.000221368
       3172.0000  1.00000e-06  0.000216806
       3178.0000  1.00000e-06  0.000216217
       3184.0000  1.00000e-06  0.000216918
       3190.0000  1.00000e-06  0.000215594
       3196.0000  1.00000e-06  0.000210534
       3202.0000     0.500681  0.000205474
       3208.0000      4.24111  0.000199606
       3214.0000      7.29878  0.000193695
       3220.0000      8.36351  0.000190694
       3226.0000      8.13606  0.000190118
       3232.0000      6.30654  0.000189609
       3238.0000      3.13070  0.000189508
       3244.0000     0.426049  0.000189406
       3250.0000  1.00000e-06  0.000189512
       3256.0000  1.00000e-06  0.000189691
       3262.0000  1.00000e-06  0.000191547
       3268.0000  1.00000e-06  0.000196713
       3274.0000  1.00000e-06  0.000201878
       3280.0000  1.00000e-06  0.000202752
       3286.0000  1.00000e-06  0.000203320
       3292.0000  1.00000e-06  0.000200420
       3298.0000  1.00000e-06  0.000194448
       3304.0000  1.00000e-06  0.000189240
       3310.0000  1.00000e-06  0.000189279
       3316.0000  1.00000e-06  0.000189318
       3322.0000  1.00000e-06  0.000191261
       3328.0000  1.00000e-06  0.000193930
       3334.0000     0.292418  0.000197496
       3340.0000     0.104672  0.000202959
       3346.0000  1.00000e-06  0.000208422
       3352.0000  1.00000e-06  0.000209057
       3358.0000  1.00000e-06  0.000209261
       3364.0000  1.00000e-06  0.000209826
       3370.0000  1.00000e-06  0.000210731
       3376.0000  1.00000e-06  0.000211256
       3382.0000  1.00000e-06  0.000208768
       3388.0000  1.00000e-06  0.000206280
       3394.0000  1.00000e-06  0.000202809
       3400.0000  1.00000e-06  0.000198936
       3406.0000  1.00000e-06  0.000194807
       3412.0000  1.00000e-06  0.000190098
       3418.0000  1.00000e-06  0.000185389
       3424.0000  1.00000e-06  0.000186007
       3430.0000  1.00000e-06  0.000187199
       3436.0000  1.00000e-06  0.000191080
       3442.0000  1.00000e-06  0.000197653
       3448.0000  1.00000e-06  0.000203879
       3454.0000  1.00000e-06  0.000206862
       3460.0000  1.00000e-06  0.000209845
       3466.0000  1.00000e-06  0.000210516
       3472.0000  1.00000e-06  0.000210166
       3478.0000  1.00000e-06  0.000209992
       3484.0000  1.00000e-06  0.000210250
       3490.0000  1.00000e-06  0.000210508
       3496.0000  1.00000e-06  0.000205398
       3502.0000  1.00000e-06  0.000199607
       3508.0000  1.00000e-06  0.000198075
       3514.0000  1.00000e-06  0.000201076
       3520.0000  1.00000e-06  0.000203801
       3526.0000  1.00000e-06  0.000203414
       3532.0000  1.00000e-06  0.000203028
       3538.0000  1.00000e-06  0.000202897
       3544.0000  1.00000e-06  0.000202888
       3550.0000  1.00000e-06  0.000203092
       3556.0000  1.00000e-06  0.000203861
       3562.0000  1.00000e-06  0.000204629
       3568.0000  1.00000e-06  0.000199962
       3574.0000  1.00000e-06  0.000194498
       3580.0000  1.00000e-06  0.000189893
       3586.0000  1.00000e-06  0.000186260
       3592.0000  1.00000e-06  0.000183004
       3598.0000  1.00000e-06  0.000185062
       3604.0000  1.00000e-06  0.000187120
       3610.0000  1.00000e-06  0.000186375
       3616.0000  1.00000e-06  0.000184204
       3622.0000  1.00000e-06  0.000182799
       3628.0000  1.00000e-06  0.000183572
       3634.0000  1.00000e-06  0.000184346
       3640.0000  1.00000e-06  0.000180413
       3646.0000  1.00000e-06  0.000175696
       3652.0000  1.00000e-06  0.000170808
       3658.0000  1.00000e-06  0.000165716
       3664.0000  1.00000e-06  0.000160454
       3670.0000  1.00000e-06  0.000152004
       3676.0000  1.00000e-06  0.000143554
       3682.0000  1.00000e-06  0.000130489
       3688.0000  1.00000e-06  0.000114914
       3694.0000  1.00000e-06  0.000100240
       3700.0000  1.00000e-06  8.83491e-05
       3706.0000  1.00000e-06  7.64582e-05
       3712.0000  1.00000e-06  7.41641e-05
       3718.0000  1.00000e-06  7.36753e-05
       3724.0000  1.00000e-06  7.29548e-05
       3730.0000  1.00000e-06  7.19378e-05
       3736.0000  1.00000e-06  7.06022e-05
       3742.0000  1.00000e-06  6.06385e-05
       3748.0000  1.00000e-06  5.06749e-05
       3754.0000  1.00000e-06  4.10960e-05
       3760.0000  1.00000e-06  3.17407e-05
       3766.0000  1.00000e-06  2.42735e-05
       3772.0000  1.00000e-06  2.31466e-05
       3778.0000  1.00000e-06  2.20197e-05
       3784.0000  1.00000e-06  1.71541e-05
       3790.0000  1.00000e-06  1.15030e-05
       3796.0000  1.00000e-06  6.97948e-06
       3802.0000  1.00000e-06  3.99170e-06
       3808.0000  1.00000e-06  1.06405e-06
       3814.0000  1.00000e-06  1.03717e-06
       3820.0000  1.00000e-06  1.01029e-06
       3826.0000  1.00000e-06  1.00000e-06
       3832.0000  1.00000e-06  1.00000e-06
       3838.0000  1.00000e-06  1.00000e-06
       3844.0000  1.00000e-06  1.00000e-06
       3850.0000  1.00000e-06  1.00000e-06
       3856.0000  1.00000e-06  1.00000e-06
       3862.0000  1.00000e-06  1.00000e-06
       3868.0000  1.00000e-06  1.00000e-06
       3874.0000  1.00000e-06  1.00000e-06
       3880.0000  1.00000e-06  1.00000e-06
       3886.0000  1.00000e-06  1.00000e-06
       3892.0000  1.00000e-06  1.00000e-06
       3898.0000  1.00000e-06  1.00000e-06
       3904.0000  1.00000e-06  1.00000e-06
       3910.0000  1.00000e-06  1.00000e-06
       3916.0000  1.00000e-06  1.00000e-06
       3922.0000  1.00000e-06  1.00000e-06
       3928.0000  1.00000e-06  1.00000e-06
       3934.0000  1.00000e-06  1.00000e-06
       3940.0000  1.00000e-06  1.00000e-06
       3946.0000  1.00000e-06  1.00000e-06
       3952.0000  1.00000e-06  1.00000e-06
       3958.0000  1.00000e-06  1.00000e-06
       3964.0000  1.00000e-06  1.00000e-06
       3970.0000  1.00000e-06  1.00000e-06
       3976.0000  1.00000e-06  1.00000e-06
       3982.0000  1.00000e-06  1.00000e-06
       3988.0000  1.00000e-06  1.00000e-06
       3994.0000  1.00000e-06  1.00000e-06
       4000.0000  1.00000e-06  1.00000e-06
       4006.0000  1.00000e-06  1.00000e-06
       4012.0000  1.00000e-06  1.00000e-06
       4018.0000  1.00000e-06  1.00000e-06
       4024.0000  1.00000e-06  1.00000e-06
       4030.0000  1.00000e-06  1.00000e-06
       4036.0000  1.00000e-06  1.00000e-06
       4042.0000  1.00000e-06  1.00000e-06
       4048.0000  1.00000e-06  1.00000e-06
       4054.0000  1.00000e-06  1.00000e-06
       4060.0000  1.00000e-06  1.00000e-06
       4066.0000  1.00000e-06  1.00000e-06
       4072.0000  1.00000e-06  1.00000e-06
       4078.0000  1.00000e-06  1.00000e-06
       4084.0000  1.00000e-06  1.00000e-06
       4090.0000  1.00000e-06  1.00000e-06
       4096.0000  1.00000e-06  1.00000e-06
       4102.0000  1.00000e-06  1.00000e-06
       4108.0000  1.00000e-06  1.00000e-06
       4114.0000  1.00000e-06  1.00000e-06
       4120.0000  1.00000e-06  1.00000e-06
       4126.0000  1.00000e-06  1.00000e-06
       4132.0000  1.00000e-06  1.00000e-06
       4138.0000  1.00000e-06  1.00000e-06
       4144.0000  1.00000e-06  1.00000e-06
       4150.0000  1.00000e-06  1.00000e-06
       4156.0000  1.00000e-06  1.00000e-06
       4162.0000  1.00000e-06  1.00000e-06
       4168.0000  1.00000e-06  1.00000e-06
       4174.0000  1.00000e-06  1.00000e-06
       4180.0000  1.00000e-06  1.00000e-06
       4186.0000  1.00000e-06  1.00000e-06
       4192.0000  1.00000e-06  1.00000e-06
       4198.0000  1.00000e-06  1.00000e-06
       4204.0000  1.00000e-06  1.00000e-06
       4210.0000  1.00000e-06  1.00000e-06
       4216.0000  1.00000e-06  1.00000e-06
       4222.0000  1.00000e-06  1.00000e-06
       4228.0000  1.00000e-06  1.00000e-06
       4234.0000  1.00000e-06  1.00000e-06
       4240.0000  1.00000e-06  1.00000e-06
       4246.0000  1.00000e-06  1.00000e-06
       4252.0000  1.00000e-06  1.00000e-06
       4258.0000  1.00000e-06  1.00000e-06
       4264.0000  1.00000e-06  1.00000e-06
       4270.0000  1.00000e-06  1.00000e-06
       4276.0000  1.00000e-06  1.00000e-06
       4282.0000  1.00000e-06  1.00000e-06
       4288.0000  1.00000e-06  1.00000e-06
       4294.0000  1.00000e-06  1.00000e-06
       4300.0000  1.00000e-06  1.00000e-06
       4306.0000  1.00000e-06  1.00000e-06
       4312.0000  1.00000e-06  1.00000e-06
       4318.0000  1.00000e-06  1.00000e-06
       4324.0000  1.00000e-06  1.00000e-06
       4330.0000  1.00000e-06  1.00000e-06
       4336.0000  1.00000e-06  1.00000e-06
       4342.0000  1.00000e-06  1.00000e-06
       4348.0000  1.00000e-06  1.00000e-06
       4354.0000  1.00000e-06  1.00000e-06
       4360.0000  1.00000e-06  1.00000e-06
       4366.0000  1.00000e-06  1.00000e-06
       4372.0000  1.00000e-06  1.00000e-06
       4378.0000  1.00000e-06  1.00000e-06
       4384.0000  1.00000e-06  1.00000e-06
       4390.0000  1.00000e-06  1.00000e-06
       4396.0000  1.00000e-06  1.00000e-06
       4402.0000  1.00000e-06  1.00000e-06
       4408.0000  1.00000e-06  1.00000e-06
       4414.0000  1.00000e-06  1.00000e-06
       4420.0000  1.00000e-06  1.00000e-06
       4426.0000  1.00000e-06  1.00000e-06
       4432.0000  1.00000e-06  1.00000e-06
       4438.0000  1.00000e-06  1.00000e-06
       4444.0000  1.00000e-06  1.00000e-06
       4450.0000  1.00000e-06  1.00000e-06
       4456.0000  1.00000e-06  1.00000e-06
       4462.0000  1.00000e-06  1.00000e-06
       4468.0000  1.00000e-06  1.00000e-06
       4474.0000  1.00000e-06  1.00000e-06
       4480.0000  1.00000e-06  1.00000e-06
       4486.0000  1.00000e-06  1.00000e-06
       4492.0000  1.00000e-06  1.00000e-06
       4498.0000  1.00000e-06  1.00000e-06
       4504.0000  1.00000e-06  1.00000e-06
       4510.0000  1.00000e-06  1.00000e-06
       4516.0000  1.00000e-06  1.00000e-06
       4522.0000  1.00000e-06  1.00000e-06
       4528.0000  1.00000e-06  1.00000e-06
       4534.0000  1.00000e-06  1.00000e-06
       4540.0000  1.00000e-06  1.00000e-06
       4546.0000  1.00000e-06  1.00000e-06
       4552.0000  1.00000e-06  1.00000e-06
       4558.0000  1.00000e-06  1.00000e-06
       4564.0000  1.00000e-06  1.00000e-06
       4570.0000  1.00000e-06  1.00000e-06
       4576.0000  1.00000e-06  1.00000e-06
       4582.0000  1.00000e-06  1.00000e-06
       4588.0000  1.00000e-06  1.00000e-06
       4594.0000  1.00000e-06  1.00000e-06
       4600.0000  1.00000e-06  1.00000e-06
       4606.0000  1.00000e-06  1.00000e-06
       4612.0000  1.00000e-06  1.00000e-06
       4618.0000  1.00000e-06  1.00000e-06
       4624.0000  1.00000e-06  1.00000e-06
       4630.0000  1.00000e-06  1.00000e-06
       4636.0000  1.00000e-06  1.00000e-06
       4642.0000  1.00000e-06  1.00000e-06
       4648.0000  1.00000e-06  1.00000e-06
       4654.0000  1.00000e-06  1.00000e-06
       4660.0000  1.00000e-06  1.00000e-06
       4666.0000  1.00000e-06  1.00000e-06
       4672.0000  1.00000e-06  1.00000e-06
       4678.0000  1.00000e-06  1.00000e-06
       4684.0000  1.00000e-06  1.00000e-06
       4690.0000  1.00000e-06  1.00000e-06
       4696.0000  1.00000e-06  1.00000e-06
       4702.0000  1.00000e-06  1.00000e-06
       4708.0000  1.00000e-06  1.00000e-06
       4714.0000  1.00000e-06  1.00000e-06
       4720.0000  1.00000e-06  1.00000e-06
       4726.0000  1.00000e-06  1.00000e-06
       4732.0000  1.00000e-06  1.00000e-06
       4738.0000  1.00000e-06  1.00000e-06
       4744.0000  1.00000e-06  1.00000e-06
       4750.0000  1.00000e-06  1.00000e-06
       4756.0000  1.00000e-06  1.00000e-06
       4762.0000  1.00000e-06  1.00000e-06
       4768.0000  1.00000e-06  1.00000e-06
       4774.0000  1.00000e-06  1.00000e-06
       4780.0000  1.00000e-06  1.00000e-06
       4786.0000  1.00000e-06  1.00000e-06
       4792.0000  1.00000e-06  1.00000e-06
       4798.0000  1.00000e-06  1.00000e-06
       4804.0000  1.00000e-06  1.00000e-06
       4810.0000  1.00000e-06  1.00000e-06
       4816.0000  1.00000e-06  1.00000e-06
       4822.0000  1.00000e-06  1.00000e-06
       4828.0000  1.00000e-06  1.00000e-06
       4834.0000  1.00000e-06  1.00000e-06
       4840.0000  1.00000e-06  1.00000e-06
       4846.0000  1.00000e-06  1.00000e-06
       4852.0000  1.00000e-06  1.00000e-06
       4858.0000  1.00000e-06  1.00000e-06
       4864.0000  1.00000e-06  1.00000e-06
       4870.0000  1.00000e-06  1.00000e-06
       4876.0000  1.00000e-06  1.00000e-06
       4882.0000  1.00000e-06  1.00000e-06
       4888.0000  1.00000e-06  1.00000e-06
       4894.0000  1.00000e-06  1.00000e-06
       4900.0000  1.00000e-06  1.00000e-06
       4906.0000  1.00000e-06  1.00000e-06
       4912.0000  1.00000e-06  1.00000e-06
       4918.0000  1.00000e-06  1.00000e-06
       4924.0000  1.00000e-06  1.00000e-06
       4930.0000  1.00000e-06  1.00000e-06
       4936.0000  1.00000e-06  1.00000e-06
       4942.0000  1.00000e-06  1.00000e-06
       4948.0000  1.00000e-06  1.00000e-06
       4954.0000  1.00000e-06  1.00000e-06
       4960.0000  1.00000e-06  1.00000e-06
       4966.0000  1.00000e-06  1.00000e-06
       4972.0000  1.00000e-06  1.00000e-06
       4978.0000  1.00000e-06  1.00000e-06
       4984.0000  1.00000e-06  1.00000e-06
       4990.0000  1.00000e-06  1.00000e-06
       4996.0000  1.00000e-06  1.00000e-06
       5002.0000  1.00000e-06  1.00000e-06
       5008.0000  1.00000e-06  1.55010e-06
       5014.0000  1.00000e-06  2.52047e-06
       5020.0000  1.00000e-06  3.41790e-06
       5026.0000  1.00000e-06  3.94327e-06
       5032.0000  1.00000e-06  4.46863e-06
       5038.0000  1.00000e-06  6.05435e-06
       5044.0000  1.00000e-06  7.97355e-06
       5050.0000  1.00000e-06  9.90726e-06
       5056.0000  1.00000e-06  1.18670e-05
       5062.0000  1.00000e-06  1.38268e-05
       5068.0000  1.00000e-06  1.40641e-05
       5074.0000  1.00000e-06  1.42194e-05
       5080.0000  1.00000e-06  1.43387e-05
       5086.0000  1.00000e-06  1.44286e-05
       5092.0000  1.00000e-06  1.52118e-05
       5098.0000  1.00000e-06  1.99672e-05
       5104.0000  1.00000e-06  2.47226e-05
       5110.0000  1.00000e-06  2.96133e-05
       5116.0000  1.00000e-06  3.45502e-05
       5122.0000  1.00000e-06  3.86608e-05
       5128.0000  1.00000e-06  4.11848e-05
       5134.0000  1.00000e-06  4.37088e-05
       5140.0000  1.00000e-06  4.59034e-05
       5146.0000  1.00000e-06  4.80768e-05
       5152.0000  1.00000e-06  4.89771e-05
       5158.0000  1.00000e-06  4.87765e-05
       5164.0000  1.00000e-06  4.93701e-05
       5170.0000  1.00000e-06  5.51269e-05
       5176.0000  1.00000e-06  6.08838e-05
       5182.0000  1.00000e-06  6.44236e-05
       5188.0000  1.00000e-06  6.71446e-05
       5194.0000  1.00000e-06  6.92486e-05
       5200.0000  1.00000e-06  7.00833e-05
       5206.0000  1.00000e-06  7.09181e-05
       5212.0000  1.00000e-06  6.98754e-05
       5218.0000  1.00000e-06  6.86785e-05
       5224.0000  1.00000e-06  6.78721e-05
       5230.0000  1.00000e-06  6.74242e-05
       5236.0000  1.00000e-06  6.69422e-05
       5242.0000  1.00000e-06  6.62045e-05
       5248.0000  1.00000e-06  6.54668e-05
       5254.0000  1.00000e-06  6.15544e-05
       5260.0000  1.00000e-06  5.63767e-05
       5266.0000  1.00000e-06  5.23074e-05
       5272.0000  1.00000e-06  5.06841e-05
       5278.0000  1.00000e-06  4.90609e-05
       5284.0000  1.00000e-06  5.44230e-05
       5290.0000  1.00000e-06  6.04857e-05
       5296.0000  1.00000e-06  6.42481e-05
       5302.0000  1.00000e-06  6.57635e-05
       5308.0000  1.00000e-06  6.71683e-05
       5314.0000  1.00000e-06  6.76070e-05
       5320.0000  1.00000e-06  6.80458e-05
       5326.0000  1.00000e-06  7.25676e-05
       5332.0000  1.00000e-06  7.88418e-05
       5338.0000  1.00000e-06  8.34726e-05
       5344.0000  1.00000e-06  8.42083e-05
       5350.0000  1.00000e-06  8.49440e-05
       5356.0000  1.00000e-06  7.69068e-05
       5362.0000  1.00000e-06  6.78245e-05
       5368.0000  1.00000e-06  6.08682e-05
       5374.0000  1.00000e-06  5.61197e-05
       5380.0000  1.00000e-06  5.25386e-05
       5386.0000  1.00000e-06  6.11214e-05
       5392.0000  1.00000e-06  6.97041e-05
       5398.0000  1.00000e-06  7.09476e-05
       5404.0000  1.00000e-06  6.88070e-05
       5410.0000  1.00000e-06  6.50834e-05
       5416.0000  1.00000e-06  5.73179e-05
       5422.0000  1.00000e-06  4.95524e-05
       5428.0000  1.00000e-06  4.81422e-05
       5434.0000  1.00000e-06  4.76130e-05
       5440.0000  1.00000e-06  4.68989e-05
       5446.0000  1.00000e-06  4.59808e-05
       5452.0000  1.00000e-06  4.53274e-05
       5458.0000  1.00000e-06  4.80728e-05
       5464.0000  1.00000e-06  5.08183e-05
       5470.0000  1.00000e-06  5.24516e-05
       5476.0000  1.00000e-06  5.35348e-05
       5482.0000  1.00000e-06  5.43644e-05
       5488.0000  1.00000e-06  5.44941e-05
       5494.0000  1.00000e-06  5.46238e-05
