      -500.00000  1.00000e-06  0.000100236
      -494.00000  1.00000e-06  9.64916e-05
      -488.00000  1.00000e-06  9.27469e-05
      -482.00000  1.00000e-06  9.44105e-05
      -476.00000  1.00000e-06  9.68999e-05
      -470.00000  1.00000e-06  9.95892e-05
      -464.00000  1.00000e-06  0.000102508
      -458.00000  1.00000e-06  0.000105663
      -452.00000  1.00000e-06  0.000112336
      -446.00000  1.00000e-06  0.000119009
      -440.00000  1.00000e-06  0.000121491
      -434.00000  1.00000e-06  0.000121818
      -428.00000  1.00000e-06  0.000120011
      -422.00000  1.00000e-06  0.000112063
      -416.00000  1.00000e-06  0.000104116
      -410.00000  1.00000e-06  0.000104165
      -404.00000  1.00000e-06  0.000105565
      -398.00000  1.00000e-06  0.000108364
      -392.00000  1.00000e-06  0.000112852
      -386.00000  1.00000e-06  0.000117497
      -380.00000  1.00000e-06  0.000125073
      -374.00000  1.00000e-06  0.000132649
      -368.00000  1.00000e-06  0.000132693
      -362.00000  1.00000e-06  0.000128653
      -356.00000  1.00000e-06  0.000123862
      -350.00000  1.00000e-06  0.000116771
      -344.00000  1.00000e-06  0.000109679
      -338.00000  1.00000e-06  0.000107722
      -332.00000  1.00000e-06  0.000106717
      -326.00000  1.00000e-06  0.000105570
      -320.00000  1.00000e-06  0.000104242
      -314.00000  1.00000e-06  0.000102996
      -308.00000  1.00000e-06  0.000103751
      -302.00000  1.00000e-06  0.000104505
      -296.00000  1.00000e-06  0.000109138
      -290.00000  1.00000e-06  0.000115985
      -284.00000  1.00000e-06  0.000123964
      -278.00000  1.00000e-06  0.000135646
      -272.00000  1.00000e-06  0.000147327
      -266.00000  1.00000e-06  0.000151508
      -260.00000  1.00000e-06  0.000154171
      -254.00000  1.00000e-06  0.000153369
      -248.00000  1.00000e-06  0.000147963
      -242.00000  1.00000e-06  0.000142566
      -236.00000  1.00000e-06  0.000137534
      -230.00000  1.00000e-06  0.000132503
      -224.00000  1.00000e-06  0.000130023
      -218.00000  1.00000e-06  0.000129079
      -212.00000  1.00000e-06  0.000127871
      -206.00000  1.00000e-06  0.000125741
      -200.00000  1.00000e-06  0.000123611
      -194.00000  1.00000e-06  0.000121181
      -188.00000  1.00000e-06  0.000118684
      -182.00000  1.00000e-06  0.000116997
      -176.00000  1.00000e-06  0.000116443
      -170.00000  1.00000e-06  0.000115953
      -164.00000  1.00000e-06  0.000119738
      -158.00000  1.00000e-06  0.000123523
      -152.00000  1.00000e-06  0.000132517
      -146.00000  1.00000e-06  0.000144808
      -140.00000  1.00000e-06  0.000157455
      -134.00000  1.00000e-06  0.000171444
      -128.00000  1.00000e-06  0.000185433
      -122.00000  1.00000e-06  0.000193092
      -116.00000  1.00000e-06  0.000199243
      -110.00000  1.00000e-06  0.000207448
      -104.00000  1.00000e-06  0.000218664
      -98.000000  1.00000e-06  0.000229889
      -92.000000  1.00000e-06  0.000243807
      -86.000000  1.00000e-06  0.000257724
      -80.000000  1.00000e-06  0.000278382
      -74.000000  1.00000e-06  0.000303522
      -68.000000  1.00000e-06  0.000333874
      -62.000000  1.00000e-06  0.000385314
      -56.000000  1.00000e-06  0.000436754
      -50.000000  1.00000e-06  0.000562198
      -44.000000  1.00000e-06  0.000706636
      -38.000000  1.00000e-06  0.000963764
      -32.000000  1.00000e-06   0.00139467
      -26.000000  1.00000e-06   0.00182558
      -20.000000  1.00000e-06   0.00302921
      -14.000000  1.00000e-06   0.00423987
      -8.0000000  1.00000e-06   0.00650762
      -2.0000000  1.00000e-06   0.00951427
       4.0000000  1.00000e-06    0.0131432
       10.000000  1.00000e-06    0.0194917
       16.000000  1.00000e-06    0.0258403
       22.000000  1.00000e-06    0.0358512
       28.000000  1.00000e-06    0.0468724
       34.000000  1.00000e-06    0.0597490
       40.000000  1.00000e-06    0.0756349
       46.000000  1.00000e-06    0.0915209
       52.000000  1.00000e-06     0.110548
       58.000000  1.00000e-06     0.129643
       64.000000  1.00000e-06     0.148703
       70.000000  1.00000e-06     0.167738
       76.000000  1.00000e-06     0.186076
       82.000000  1.00000e-06     0.201106
       88.000000  1.00000e-06     0.216136
       94.000000  1.00000e-06     0.225522
       100.00000  1.00000e-06     0.233238
       106.00000  1.00000e-06     0.237589
       112.00000  1.00000e-06     0.236196
       118.00000  1.00000e-06     0.234803
       124.00000  1.00000e-06     0.225279
       130.00000  1.00000e-06     0.215478
       136.00000  1.00000e-06     0.202392
       142.00000  1.00000e-06     0.186772
       148.00000  1.00000e-06     0.170773
       154.00000  1.00000e-06     0.152817
       160.00000  1.00000e-06     0.134860
       166.00000  1.00000e-06     0.117606
       172.00000  1.00000e-06     0.100573
       178.00000  1.00000e-06    0.0846187
       184.00000  1.00000e-06    0.0706030
       190.00000  1.00000e-06    0.0565873
       196.00000  1.00000e-06    0.0464812
       202.00000  1.00000e-06    0.0365588
       208.00000  1.00000e-06    0.0287622
       214.00000  1.00000e-06    0.0226862
       220.00000  1.00000e-06    0.0170253
       226.00000  1.00000e-06    0.0137114
       232.00000  1.00000e-06    0.0103974
       238.00000  1.00000e-06   0.00839448
       244.00000  1.00000e-06   0.00683338
       250.00000  1.00000e-06   0.00562971
       256.00000  1.00000e-06   0.00510307
       262.00000  1.00000e-06   0.00457644
       268.00000  1.00000e-06   0.00461633
       274.00000  1.00000e-06   0.00469037
       280.00000  1.00000e-06   0.00500236
       286.00000  1.00000e-06   0.00551644
       292.00000  1.00000e-06   0.00608299
       298.00000  1.00000e-06   0.00697638
       304.00000  1.00000e-06   0.00786978
       310.00000  1.00000e-06   0.00903282
       316.00000  1.00000e-06    0.0102926
       322.00000  1.00000e-06    0.0116629
       328.00000  1.00000e-06    0.0132538
       334.00000  1.00000e-06    0.0148448
       340.00000  1.00000e-06    0.0165767
       346.00000  1.00000e-06    0.0183191
       352.00000  1.00000e-06    0.0201450
       358.00000  1.00000e-06    0.0220453
       364.00000  1.00000e-06    0.0239493
       370.00000  1.00000e-06    0.0258785
       376.00000  1.00000e-06    0.0278077
       382.00000  1.00000e-06    0.0295672
       388.00000  1.00000e-06    0.0312620
       394.00000  1.00000e-06    0.0328070
       400.00000  1.00000e-06    0.0340360
       406.00000  1.00000e-06    0.0352649
       412.00000  1.00000e-06    0.0360864
       418.00000  1.00000e-06    0.0368720
       424.00000  1.00000e-06    0.0374591
       430.00000  1.00000e-06    0.0378606
       436.00000  1.00000e-06    0.0382040
       442.00000  1.00000e-06    0.0380970
       448.00000  1.00000e-06    0.0379900
       454.00000  1.00000e-06    0.0376237
       460.00000  1.00000e-06    0.0371526
       466.00000  1.00000e-06    0.0366681
       472.00000  1.00000e-06    0.0361537
       478.00000  1.00000e-06    0.0356394
       484.00000  1.00000e-06    0.0353399
       490.00000  1.00000e-06    0.0350624
       496.00000  1.00000e-06    0.0349895
       502.00000  1.00000e-06    0.0351172
       508.00000  1.00000e-06    0.0352915
       514.00000  1.00000e-06    0.0358738
       520.00000  1.00000e-06    0.0364560
       526.00000  1.00000e-06    0.0373591
       532.00000  1.00000e-06    0.0383997
       538.00000  1.00000e-06    0.0395442
       544.00000  1.00000e-06    0.0409342
       550.00000  1.00000e-06    0.0423241
       556.00000  1.00000e-06    0.0437656
       562.00000  1.00000e-06    0.0452131
       568.00000  1.00000e-06    0.0466100
       574.00000  1.00000e-06    0.0479547
       580.00000  1.00000e-06    0.0492695
       586.00000  1.00000e-06    0.0502840
       592.00000  1.00000e-06    0.0512986
       598.00000  1.00000e-06    0.0521158
       604.00000  1.00000e-06    0.0528436
       610.00000  1.00000e-06    0.0535393
       616.00000  1.00000e-06    0.0541547
       622.00000  1.00000e-06    0.0547700
       628.00000  1.00000e-06    0.0554261
       634.00000  1.00000e-06    0.0560875
       640.00000  1.00000e-06    0.0567868
       646.00000  1.00000e-06    0.0575271
       652.00000  1.00000e-06    0.0582808
       658.00000  1.00000e-06    0.0591911
       664.00000  1.00000e-06    0.0601014
       670.00000  1.00000e-06    0.0610791
       676.00000  1.00000e-06    0.0620890
       682.00000  1.00000e-06    0.0631125
       688.00000  1.00000e-06    0.0641722
       694.00000  1.00000e-06    0.0652319
       700.00000  1.00000e-06    0.0662744
       706.00000  1.00000e-06    0.0673144
       712.00000  1.00000e-06    0.0682844
       718.00000  1.00000e-06    0.0691753
       724.00000  1.00000e-06    0.0700803
       730.00000  1.00000e-06    0.0711822
       736.00000  1.00000e-06    0.0722842
       742.00000  1.00000e-06    0.0737056
       748.00000  1.00000e-06    0.0752886
       754.00000  1.00000e-06    0.0770042
       760.00000  1.00000e-06    0.0790939
       766.00000  1.00000e-06    0.0811837
       772.00000  1.00000e-06    0.0835070
       778.00000  1.00000e-06    0.0858686
       784.00000  1.00000e-06    0.0881861
       790.00000  1.00000e-06    0.0904511
       796.00000  1.00000e-06    0.0927061
       802.00000  1.00000e-06    0.0947869
       808.00000  1.00000e-06    0.0968676
       814.00000  1.00000e-06    0.0989101
       820.00000  1.00000e-06     0.100932
       826.00000  1.00000e-06     0.102919
       832.00000  1.00000e-06     0.104802
       838.00000  1.00000e-06     0.106685
       844.00000  1.00000e-06     0.108228
       850.00000  1.00000e-06     0.109710
       856.00000  1.00000e-06     0.111094
       862.00000  1.00000e-06     0.112354
       868.00000  1.00000e-06     0.113625
       874.00000  1.00000e-06     0.115131
       880.00000  1.00000e-06     0.116636
       886.00000  1.00000e-06     0.118543
       892.00000  1.00000e-06     0.120675
       898.00000  1.00000e-06     0.122946
       904.00000  1.00000e-06     0.125657
       910.00000  1.00000e-06     0.128368
       916.00000  1.00000e-06     0.131230
       922.00000  1.00000e-06     0.134122
       928.00000  1.00000e-06     0.136947
       934.00000  1.00000e-06     0.139684
       940.00000  1.00000e-06     0.142410
       946.00000  1.00000e-06     0.144756
       952.00000  1.00000e-06     0.147102
       958.00000  1.00000e-06     0.148930
       964.00000  1.00000e-06     0.150452
       970.00000  1.00000e-06     0.151746
       976.00000  1.00000e-06     0.152263
       982.00000  1.00000e-06     0.152780
       988.00000  1.00000e-06     0.152635
       994.00000  1.00000e-06     0.152349
       1000.0000  1.00000e-06     0.152024
       1006.0000  1.00000e-06     0.151645
       1012.0000  1.00000e-06     0.151267
       1018.0000  1.00000e-06     0.150960
       1024.0000  1.00000e-06     0.150653
       1030.0000  1.00000e-06     0.150333
       1036.0000  1.00000e-06     0.150006
       1042.0000  1.00000e-06     0.149765
       1048.0000  1.00000e-06     0.149842
       1054.0000  1.00000e-06     0.149920
       1060.0000  1.00000e-06     0.150311
       1066.0000  1.00000e-06     0.150775
       1072.0000  1.00000e-06     0.151222
       1078.0000  1.00000e-06     0.151647
       1084.0000  1.00000e-06     0.152071
       1090.0000  1.00000e-06     0.152546
       1096.0000  1.00000e-06     0.153022
       1102.0000  1.00000e-06     0.153829
       1108.0000  1.00000e-06     0.154855
       1114.0000  1.00000e-06     0.155977
       1120.0000  1.00000e-06     0.157479
       1126.0000  1.00000e-06     0.158981
       1132.0000  1.00000e-06     0.160927
       1138.0000  1.00000e-06     0.162984
       1144.0000  1.00000e-06     0.165178
       1150.0000  1.00000e-06     0.167579
       1156.0000  1.00000e-06     0.169979
       1162.0000  1.00000e-06     0.172650
       1168.0000  1.00000e-06     0.175321
       1174.0000  1.00000e-06     0.178201
       1180.0000  1.00000e-06     0.181224
       1186.0000  1.00000e-06     0.184211
       1192.0000  1.00000e-06     0.187047
       1198.0000  1.00000e-06     0.189884
       1204.0000  1.00000e-06     0.192557
       1210.0000  1.00000e-06     0.195187
       1216.0000  1.00000e-06     0.197794
       1222.0000  1.00000e-06     0.200367
       1228.0000  1.00000e-06     0.202940
       1234.0000  1.00000e-06     0.205102
       1240.0000  1.00000e-06     0.207257
       1246.0000  1.00000e-06     0.209042
       1252.0000  1.00000e-06     0.210560
       1258.0000  1.00000e-06     0.211917
       1264.0000  1.00000e-06     0.212527
       1270.0000  1.00000e-06     0.213137
       1276.0000  1.00000e-06     0.213322
       1282.0000  1.00000e-06     0.213385
       1288.0000  1.00000e-06     0.213283
       1294.0000  1.00000e-06     0.212904
       1300.0000  1.00000e-06     0.212525
       1306.0000  1.00000e-06     0.211702
       1312.0000  1.00000e-06     0.210865
       1318.0000  1.00000e-06     0.210044
       1324.0000  1.00000e-06     0.209235
       1330.0000  1.00000e-06     0.208451
       1336.0000  1.00000e-06     0.207792
       1342.0000  1.00000e-06     0.207133
       1348.0000  1.00000e-06     0.206395
       1354.0000  1.00000e-06     0.205632
       1360.0000  1.00000e-06     0.204984
       1366.0000  1.00000e-06     0.204539
       1372.0000  1.00000e-06     0.204094
       1378.0000  1.00000e-06     0.204379
       1384.0000  1.00000e-06     0.204695
       1390.0000  1.00000e-06     0.205406
       1396.0000  1.00000e-06     0.206431
       1402.0000  1.00000e-06     0.207549
       1408.0000  1.00000e-06     0.209179
       1414.0000  1.00000e-06     0.210809
       1420.0000  1.00000e-06     0.212771
       1426.0000  1.00000e-06     0.214842
       1432.0000  1.00000e-06     0.217105
       1438.0000  1.00000e-06     0.219727
       1444.0000  1.00000e-06     0.222349
       1450.0000  1.00000e-06     0.225711
       1456.0000  1.00000e-06     0.229114
       1462.0000  1.00000e-06     0.232658
       1468.0000  1.00000e-06     0.236318
       1474.0000  1.00000e-06     0.239954
       1480.0000  1.00000e-06     0.243438
       1486.0000  1.00000e-06     0.246922
       1492.0000  1.00000e-06     0.250291
       1498.0000  1.00000e-06     0.253620
       1504.0000  1.00000e-06     0.256862
       1510.0000  1.00000e-06     0.259934
       1516.0000  1.00000e-06     0.263006
       1522.0000  1.00000e-06     0.265637
       1528.0000  1.00000e-06     0.268237
       1534.0000  1.00000e-06     0.270507
       1540.0000  1.00000e-06     0.272486
       1546.0000  1.00000e-06     0.274366
       1552.0000  1.00000e-06     0.275583
       1558.0000  1.00000e-06     0.276800
       1564.0000  1.00000e-06     0.277398
       1570.0000  1.00000e-06     0.277764
       1576.0000  1.00000e-06     0.277886
       1582.0000  1.00000e-06     0.277503
       1588.0000  1.00000e-06     0.277120
       1594.0000  1.00000e-06     0.275855
       1600.0000  1.00000e-06     0.274517
       1606.0000  1.00000e-06     0.272722
       1612.0000  1.00000e-06     0.270506
       1618.0000  1.00000e-06     0.268212
       1624.0000  1.00000e-06     0.265326
       1630.0000  1.00000e-06     0.262441
       1636.0000  1.00000e-06     0.259361
       1642.0000  1.00000e-06     0.256204
       1648.0000  1.00000e-06     0.253136
       1654.0000  1.00000e-06     0.250259
       1660.0000  1.00000e-06     0.247383
       1666.0000  1.00000e-06     0.244370
       1672.0000  1.00000e-06     0.241343
       1678.0000  1.00000e-06     0.238006
       1684.0000  1.00000e-06     0.234370
       1690.0000  1.00000e-06     0.230704
       1696.0000  1.00000e-06     0.226794
       1702.0000  1.00000e-06     0.222883
       1708.0000  1.00000e-06     0.218666
       1714.0000  1.00000e-06     0.214319
       1720.0000  1.00000e-06     0.209743
       1726.0000  1.00000e-06     0.204634
       1732.0000  1.00000e-06     0.199526
       1738.0000  1.00000e-06     0.193753
       1744.0000  1.00000e-06     0.187905
       1750.0000  1.00000e-06     0.181491
       1756.0000  1.00000e-06     0.174505
       1762.0000  1.00000e-06     0.167400
       1768.0000  1.00000e-06     0.159162
       1774.0000  1.00000e-06     0.150925
       1780.0000  1.00000e-06     0.142358
       1786.0000  1.00000e-06     0.133646
       1792.0000  1.00000e-06     0.124960
       1798.0000  1.00000e-06     0.116339
       1804.0000  1.00000e-06     0.107718
       1810.0000  1.00000e-06    0.0992833
       1816.0000  1.00000e-06    0.0908728
       1822.0000  1.00000e-06    0.0827890
       1828.0000  1.00000e-06    0.0750524
       1834.0000  1.00000e-06    0.0673960
       1840.0000  1.00000e-06    0.0606317
       1846.0000  1.00000e-06    0.0538674
       1852.0000  1.00000e-06    0.0478119
       1858.0000  1.00000e-06    0.0420900
       1864.0000  1.00000e-06    0.0367191
       1870.0000  1.00000e-06    0.0322614
       1876.0000  1.00000e-06    0.0278037
       1882.0000  1.00000e-06    0.0245491
       1888.0000  1.00000e-06    0.0214660
       1894.0000  1.00000e-06    0.0189253
       1900.0000  1.00000e-06    0.0169894
       1906.0000  1.00000e-06    0.0151144
       1912.0000  1.00000e-06    0.0140434
       1918.0000  1.00000e-06    0.0129723
       1924.0000  1.00000e-06    0.0123880
       1930.0000  1.00000e-06    0.0120455
       1936.0000  1.00000e-06    0.0119154
       1942.0000  1.00000e-06    0.0123725
       1948.0000  1.00000e-06    0.0128296
       1954.0000  1.00000e-06    0.0141369
       1960.0000  1.00000e-06    0.0155789
       1966.0000  1.00000e-06    0.0176136
       1972.0000  1.00000e-06    0.0203417
       1978.0000  1.00000e-06    0.0231620
       1984.0000  1.00000e-06    0.0274671
       1990.0000  1.00000e-06    0.0317722
       1996.0000  1.00000e-06    0.0372945
       2002.0000  1.00000e-06    0.0434551
       2008.0000  1.00000e-06    0.0501584
       2014.0000  1.00000e-06    0.0584585
       2020.0000  1.00000e-06    0.0667586
       2026.0000  1.00000e-06    0.0768951
       2032.0000  1.00000e-06    0.0873525
       2038.0000  1.00000e-06    0.0986605
       2044.0000  1.00000e-06     0.111013
       2050.0000  1.00000e-06     0.123428
       2056.0000  1.00000e-06     0.137140
       2062.0000  1.00000e-06     0.150851
       2068.0000  1.00000e-06     0.165115
       2074.0000  1.00000e-06     0.179684
       2080.0000  1.00000e-06     0.194378
       2086.0000  1.00000e-06     0.209464
       2092.0000  1.00000e-06     0.224549
       2098.0000  1.00000e-06     0.239596
       2104.0000  1.00000e-06     0.254635
       2110.0000  1.00000e-06     0.269276
       2116.0000  1.00000e-06     0.283403
       2122.0000  1.00000e-06     0.297475
       2128.0000  1.00000e-06     0.309995
       2134.0000  1.00000e-06     0.322516
       2140.0000  1.00000e-06     0.333714
       2146.0000  1.00000e-06     0.344143
       2152.0000  1.00000e-06     0.354044
       2158.0000  1.00000e-06     0.362176
       2164.0000  1.00000e-06     0.370307
       2170.0000  1.00000e-06     0.377007
       2176.0000  1.00000e-06     0.383407
       2182.0000  1.00000e-06     0.388982
       2188.0000  1.00000e-06     0.393440
       2194.0000  1.00000e-06     0.397844
       2200.0000  1.00000e-06     0.399914
       2206.0000  1.00000e-06     0.401984
       2212.0000  1.00000e-06     0.402913
       2218.0000  1.00000e-06     0.403143
       2224.0000  1.00000e-06     0.403012
       2230.0000  1.00000e-06     0.401585
       2236.0000  1.00000e-06     0.400158
       2242.0000  1.00000e-06     0.397453
       2248.0000  1.00000e-06     0.394458
       2254.0000  1.00000e-06     0.391267
       2260.0000  1.00000e-06     0.387796
       2266.0000  1.00000e-06     0.384326
       2272.0000  1.00000e-06     0.380863
       2278.0000  1.00000e-06     0.377401
       2284.0000  1.00000e-06     0.373736
       2290.0000  1.00000e-06     0.369940
       2296.0000  1.00000e-06     0.366171
       2302.0000  1.00000e-06     0.362503
       2308.0000  1.00000e-06     0.358835
       2314.0000  1.00000e-06     0.355213
       2320.0000  1.00000e-06     0.351601
       2326.0000  1.00000e-06     0.347768
       2332.0000  1.00000e-06     0.343605
       2338.0000  1.00000e-06     0.339441
       2344.0000  1.00000e-06     0.334378
       2350.0000  1.00000e-06     0.329313
       2356.0000  1.00000e-06     0.323756
       2362.0000  1.00000e-06     0.317865
       2368.0000  1.00000e-06     0.311720
       2374.0000  1.00000e-06     0.304517
       2380.0000  1.00000e-06     0.297314
       2386.0000  1.00000e-06     0.288880
       2392.0000  1.00000e-06     0.280122
       2398.0000  1.00000e-06     0.270816
       2404.0000  1.00000e-06     0.260648
       2410.0000  1.00000e-06     0.250481
       2416.0000  1.00000e-06     0.239357
       2422.0000  1.00000e-06     0.228220
       2428.0000  1.00000e-06     0.216426
       2434.0000  1.00000e-06     0.204166
       2440.0000  1.00000e-06     0.191728
       2446.0000  1.00000e-06     0.178489
       2452.0000  1.00000e-06     0.165250
       2458.0000  1.00000e-06     0.151967
       2464.0000  1.00000e-06     0.138671
       2470.0000  1.00000e-06     0.125627
       2476.0000  1.00000e-06     0.112998
       2482.0000  1.00000e-06     0.100369
       2488.0000  1.00000e-06    0.0892304
       2494.0000  1.00000e-06    0.0781304
       2500.0000  1.00000e-06    0.0681167
       2506.0000  1.00000e-06    0.0589151
       2512.0000  1.00000e-06    0.0500581
       2518.0000  1.00000e-06    0.0428849
       2524.0000  1.00000e-06    0.0357116
       2530.0000  1.00000e-06    0.0300185
       2536.0000  1.00000e-06    0.0247737
       2542.0000  1.00000e-06    0.0201623
       2548.0000  1.00000e-06    0.0166521
       2554.0000  1.00000e-06    0.0131420
       2560.0000  1.00000e-06    0.0110037
       2566.0000  1.00000e-06   0.00891853
       2572.0000      2.60932   0.00741067
       2578.0000      2.71620   0.00635584
       2584.0000      2.94852   0.00538095
       2590.0000      3.09214   0.00483222
       2596.0000      3.02019   0.00428350
       2602.0000      2.65885   0.00394782
       2608.0000      1.97798   0.00368109
       2614.0000      1.19815   0.00347301
       2620.0000     0.329446   0.00337236
       2626.0000  1.00000e-06   0.00327172
       2632.0000  1.00000e-06   0.00321459
       2638.0000  1.00000e-06   0.00315971
       2644.0000  1.00000e-06   0.00310830
       2650.0000  1.00000e-06   0.00305973
       2656.0000     0.299813   0.00301219
       2662.0000      1.22676   0.00297062
       2668.0000      1.89226   0.00292904
       2674.0000      2.15486   0.00290468
       2680.0000      2.35498   0.00288625
       2686.0000      2.42022   0.00286742
       2692.0000      2.29298   0.00284782
       2698.0000      2.10247   0.00282822
       2704.0000      2.06106   0.00281823
       2710.0000      1.93008   0.00280887
       2716.0000      1.38466   0.00280785
       2722.0000     0.945046   0.00281405
       2728.0000     0.866889   0.00281624
       2734.0000      1.22224   0.00279247
       2740.0000      1.86005   0.00276871
       2746.0000      2.65726   0.00273889
       2752.0000      3.58188   0.00270685
       2758.0000      4.48891   0.00268180
       2764.0000      5.01932   0.00267097
       2770.0000      5.12553   0.00266015
       2776.0000      5.16814   0.00263873
       2782.0000      5.62739   0.00261648
       2788.0000      6.27654   0.00259733
       2794.0000      7.27565   0.00258099
       2800.0000      8.20471   0.00256405
       2806.0000      8.81258   0.00254271
       2812.0000      9.08841   0.00252137
       2818.0000      9.38881   0.00249005
       2824.0000      9.90632   0.00245486
       2830.0000      10.8354   0.00243027
       2836.0000      12.2928   0.00242851
       2842.0000      13.7080   0.00242675
       2848.0000      14.4745   0.00242914
       2854.0000      14.5490   0.00243192
       2860.0000      14.0952   0.00241125
       2866.0000      13.8277   0.00236828
       2872.0000      14.2822   0.00232369
       2878.0000      15.4020   0.00226611
       2884.0000      16.7015   0.00220852
       2890.0000      18.2152   0.00215227
       2896.0000      19.8973   0.00209656
       2902.0000      21.0952   0.00203599
       2908.0000      21.8879   0.00196437
       2914.0000      22.8894   0.00189276
       2920.0000      24.4256   0.00182024
       2926.0000      26.4561   0.00174762
       2932.0000      28.9861   0.00167569
       2938.0000      31.9909   0.00160444
       2944.0000      35.2751   0.00153366
       2950.0000      38.4364   0.00146709
       2956.0000      40.8866   0.00140052
       2962.0000      42.4268   0.00133621
       2968.0000      43.7158   0.00127288
       2974.0000      45.1932   0.00120888
       2980.0000      46.9678   0.00114324
       2986.0000      48.9032   0.00107760
       2992.0000      50.2277   0.00103419
       2998.0000      50.0819  0.000993504
       3004.0000      48.0025  0.000960128
       3010.0000      43.9721  0.000934408
       3016.0000      38.5125  0.000908824
       3022.0000      32.6359  0.000884689
       3028.0000      27.5066  0.000860554
       3034.0000      23.1501  0.000846941
       3040.0000      19.2845  0.000838194
       3046.0000      15.4918  0.000828823
       3052.0000      11.6139  0.000817858
       3058.0000      8.05462  0.000806894
       3064.0000      5.02385  0.000780907
       3070.0000      2.43292  0.000752852
       3076.0000     0.681258  0.000719216
       3082.0000    0.0794423  0.000679450
       3088.0000     0.498134  0.000640504
       3094.0000     0.800963  0.000611777
       3100.0000     0.945909  0.000583050
       3106.0000     0.971556  0.000562031
       3112.0000     0.397285  0.000544778
       3118.0000  1.00000e-06  0.000527178
       3124.0000  1.00000e-06  0.000508642
       3130.0000  1.00000e-06  0.000490106
       3136.0000  1.00000e-06  0.000473077
       3142.0000  1.00000e-06  0.000456281
       3148.0000  1.00000e-06  0.000437263
       3154.0000  1.00000e-06  0.000415684
       3160.0000  1.00000e-06  0.000393967
       3166.0000  1.00000e-06  0.000370159
       3172.0000  1.00000e-06  0.000346351
       3178.0000  1.00000e-06  0.000324322
       3184.0000  1.00000e-06  0.000303211
       3190.0000  1.00000e-06  0.000284003
       3196.0000  1.00000e-06  0.000270284
       3202.0000  1.00000e-06  0.000256566
       3208.0000     0.177265  0.000249652
       3214.0000      1.23095  0.000243891
       3220.0000      1.64063  0.000238970
       3226.0000      2.13039  0.000235065
       3232.0000      3.25637  0.000230908
       3238.0000      4.21097  0.000222007
       3244.0000      4.30379  0.000213105
       3250.0000      3.71350  0.000206231
       3256.0000      2.75738  0.000200459
       3262.0000      1.58225  0.000195930
       3268.0000     0.176900  0.000195219
       3274.0000  1.00000e-06  0.000194508
       3280.0000  1.00000e-06  0.000197432
       3286.0000    0.0570448  0.000201033
       3292.0000     0.637835  0.000206855
       3298.0000     0.339198  0.000215496
       3304.0000  1.00000e-06  0.000224045
       3310.0000  1.00000e-06  0.000230292
       3316.0000  1.00000e-06  0.000236539
       3322.0000  1.00000e-06  0.000243549
       3328.0000  1.00000e-06  0.000250996
       3334.0000  1.00000e-06  0.000255079
       3340.0000  1.00000e-06  0.000248119
       3346.0000  1.00000e-06  0.000241159
       3352.0000  1.00000e-06  0.000231418
       3358.0000  1.00000e-06  0.000221111
       3364.0000  1.00000e-06  0.000213972
       3370.0000  1.00000e-06  0.000211054
       3376.0000  1.00000e-06  0.000208100
       3382.0000  1.00000e-06  0.000203790
       3388.0000  1.00000e-06  0.000199481
       3394.0000  1.00000e-06  0.000195517
       3400.0000  1.00000e-06  0.000191763
       3406.0000  1.00000e-06  0.000188797
       3412.0000  1.00000e-06  0.000188596
       3418.0000  1.00000e-06  0.000188396
       3424.0000  1.00000e-06  0.000189823
       3430.0000  1.00000e-06  0.000191609
       3436.0000  1.00000e-06  0.000193719
       3442.0000  1.00000e-06  0.000196282
       3448.0000  1.00000e-06  0.000198795
       3454.0000  1.00000e-06  0.000197914
       3460.0000  1.00000e-06  0.000197032
       3466.0000  1.00000e-06  0.000193135
       3472.0000   0.00201814  0.000187325
       3478.0000     0.329701  0.000182828
       3484.0000     0.330721  0.000183282
       3490.0000    0.0258571  0.000183736
       3496.0000  1.00000e-06  0.000181787
       3502.0000  1.00000e-06  0.000179264
       3508.0000  1.00000e-06  0.000173932
       3514.0000  1.00000e-06  0.000164468
       3520.0000  1.00000e-06  0.000155031
       3526.0000  1.00000e-06  0.000156855
       3532.0000  1.00000e-06  0.000158678
       3538.0000  1.00000e-06  0.000166001
       3544.0000  1.00000e-06  0.000176991
       3550.0000  1.00000e-06  0.000187863
       3556.0000  1.00000e-06  0.000198262
       3562.0000  1.00000e-06  0.000208660
       3568.0000  1.00000e-06  0.000210596
       3574.0000  1.00000e-06  0.000210354
       3580.0000  1.00000e-06  0.000205802
       3586.0000  1.00000e-06  0.000194589
       3592.0000  1.00000e-06  0.000183377
       3598.0000  1.00000e-06  0.000182396
       3604.0000  1.00000e-06  0.000181514
       3610.0000  1.00000e-06  0.000181967
       3616.0000  1.00000e-06  0.000183354
       3622.0000  1.00000e-06  0.000183787
       3628.0000  1.00000e-06  0.000180035
       3634.0000  1.00000e-06  0.000176283
       3640.0000  1.00000e-06  0.000172099
       3646.0000  1.00000e-06  0.000167796
       3652.0000  1.00000e-06  0.000164150
       3658.0000  1.00000e-06  0.000161574
       3664.0000  1.00000e-06  0.000158998
       3670.0000  1.00000e-06  0.000156241
       3676.0000  1.00000e-06  0.000153481
       3682.0000  1.00000e-06  0.000147258
       3688.0000  1.00000e-06  0.000138486
       3694.0000  1.00000e-06  0.000130046
       3700.0000  1.00000e-06  0.000123183
       3706.0000  1.00000e-06  0.000116321
       3712.0000  1.00000e-06  0.000106256
       3718.0000  1.00000e-06  9.52426e-05
       3724.0000  1.00000e-06  8.69435e-05
       3730.0000  1.00000e-06  8.32884e-05
       3736.0000  1.00000e-06  7.96332e-05
       3742.0000  1.00000e-06  8.30795e-05
       3748.0000  1.00000e-06  8.67716e-05
       3754.0000  1.00000e-06  8.26982e-05
       3760.0000  1.00000e-06  7.26250e-05
       3766.0000  1.00000e-06  6.22019e-05
       3772.0000  1.00000e-06  4.99660e-05
       3778.0000  1.00000e-06  3.77302e-05
       3784.0000  1.00000e-06  3.19836e-05
       3790.0000  1.00000e-06  2.82933e-05
       3796.0000  1.00000e-06  2.34271e-05
       3802.0000  1.00000e-06  1.64428e-05
       3808.0000  1.00000e-06  9.45849e-06
       3814.0000  1.00000e-06  5.96865e-06
       3820.0000  1.00000e-06  2.64505e-06
       3826.0000  1.00000e-06  1.12062e-06
       3832.0000  1.00000e-06  1.05543e-06
       3838.0000  1.00000e-06  1.00000e-06
       3844.0000  1.00000e-06  1.00000e-06
       3850.0000  1.00000e-06  1.00000e-06
       3856.0000  1.00000e-06  1.00000e-06
       3862.0000  1.00000e-06  1.00000e-06
       3868.0000  1.00000e-06  1.00000e-06
       3874.0000  1.00000e-06  1.00000e-06
       3880.0000  1.00000e-06  1.00000e-06
       3886.0000  1.00000e-06  1.00000e-06
       3892.0000  1.00000e-06  1.00000e-06
       3898.0000  1.00000e-06  1.00000e-06
       3904.0000  1.00000e-06  1.00000e-06
       3910.0000  1.00000e-06  1.00000e-06
       3916.0000  1.00000e-06  1.00000e-06
       3922.0000  1.00000e-06  1.00000e-06
       3928.0000  1.00000e-06  1.00000e-06
       3934.0000  1.00000e-06  1.00000e-06
       3940.0000  1.00000e-06  1.00000e-06
       3946.0000  1.00000e-06  1.00000e-06
       3952.0000  1.00000e-06  1.00000e-06
       3958.0000  1.00000e-06  1.00000e-06
       3964.0000  1.00000e-06  1.00000e-06
       3970.0000  1.00000e-06  1.00000e-06
       3976.0000  1.00000e-06  1.00000e-06
       3982.0000  1.00000e-06  1.00000e-06
       3988.0000  1.00000e-06  1.00000e-06
       3994.0000  1.00000e-06  1.00000e-06
       4000.0000  1.00000e-06  1.00000e-06
       4006.0000  1.00000e-06  1.00000e-06
       4012.0000  1.00000e-06  1.00000e-06
       4018.0000  1.00000e-06  1.00000e-06
       4024.0000  1.00000e-06  1.00000e-06
       4030.0000  1.00000e-06  1.00000e-06
       4036.0000  1.00000e-06  1.00000e-06
       4042.0000  1.00000e-06  1.00000e-06
       4048.0000  1.00000e-06  1.00000e-06
       4054.0000  1.00000e-06  1.00000e-06
       4060.0000  1.00000e-06  1.00000e-06
       4066.0000  1.00000e-06  1.00000e-06
       4072.0000  1.00000e-06  1.00000e-06
       4078.0000  1.00000e-06  1.00000e-06
       4084.0000  1.00000e-06  1.00000e-06
       4090.0000  1.00000e-06  1.00000e-06
       4096.0000  1.00000e-06  1.00000e-06
       4102.0000  1.00000e-06  1.00000e-06
       4108.0000  1.00000e-06  1.00000e-06
       4114.0000  1.00000e-06  1.00000e-06
       4120.0000  1.00000e-06  1.00000e-06
       4126.0000  1.00000e-06  1.00000e-06
       4132.0000  1.00000e-06  1.00000e-06
       4138.0000  1.00000e-06  1.00000e-06
       4144.0000  1.00000e-06  1.00000e-06
       4150.0000  1.00000e-06  1.00000e-06
       4156.0000  1.00000e-06  1.00000e-06
       4162.0000  1.00000e-06  1.00000e-06
       4168.0000  1.00000e-06  1.00000e-06
       4174.0000  1.00000e-06  1.00000e-06
       4180.0000  1.00000e-06  1.00000e-06
       4186.0000  1.00000e-06  1.00000e-06
       4192.0000  1.00000e-06  1.00000e-06
       4198.0000  1.00000e-06  1.00000e-06
       4204.0000  1.00000e-06  1.00000e-06
       4210.0000  1.00000e-06  1.00000e-06
       4216.0000  1.00000e-06  1.00000e-06
       4222.0000  1.00000e-06  1.00000e-06
       4228.0000  1.00000e-06  1.00000e-06
       4234.0000  1.00000e-06  1.00000e-06
       4240.0000  1.00000e-06  1.00000e-06
       4246.0000  1.00000e-06  1.00000e-06
       4252.0000  1.00000e-06  1.00000e-06
       4258.0000  1.00000e-06  1.00000e-06
       4264.0000  1.00000e-06  1.00000e-06
       4270.0000  1.00000e-06  1.00000e-06
       4276.0000  1.00000e-06  1.00000e-06
       4282.0000  1.00000e-06  1.00000e-06
       4288.0000  1.00000e-06  1.00000e-06
       4294.0000  1.00000e-06  1.00000e-06
       4300.0000  1.00000e-06  1.00000e-06
       4306.0000  1.00000e-06  1.00000e-06
       4312.0000  1.00000e-06  1.00000e-06
       4318.0000  1.00000e-06  1.00000e-06
       4324.0000  1.00000e-06  1.00000e-06
       4330.0000  1.00000e-06  1.00000e-06
       4336.0000  1.00000e-06  1.00000e-06
       4342.0000  1.00000e-06  1.00000e-06
       4348.0000  1.00000e-06  1.00000e-06
       4354.0000  1.00000e-06  1.00000e-06
       4360.0000  1.00000e-06  1.00000e-06
       4366.0000  1.00000e-06  1.00000e-06
       4372.0000  1.00000e-06  1.00000e-06
       4378.0000  1.00000e-06  1.00000e-06
       4384.0000  1.00000e-06  1.00000e-06
       4390.0000  1.00000e-06  1.00000e-06
       4396.0000  1.00000e-06  1.00000e-06
       4402.0000  1.00000e-06  1.00000e-06
       4408.0000  1.00000e-06  1.00000e-06
       4414.0000  1.00000e-06  1.00000e-06
       4420.0000  1.00000e-06  1.00000e-06
       4426.0000  1.00000e-06  1.00000e-06
       4432.0000  1.00000e-06  1.00000e-06
       4438.0000  1.00000e-06  1.00000e-06
       4444.0000  1.00000e-06  1.00000e-06
       4450.0000  1.00000e-06  1.00000e-06
       4456.0000  1.00000e-06  1.00000e-06
       4462.0000  1.00000e-06  1.00000e-06
       4468.0000  1.00000e-06  1.00000e-06
       4474.0000  1.00000e-06  1.00000e-06
       4480.0000  1.00000e-06  1.00000e-06
       4486.0000  1.00000e-06  1.00000e-06
       4492.0000  1.00000e-06  1.00000e-06
       4498.0000  1.00000e-06  1.00000e-06
       4504.0000  1.00000e-06  1.00000e-06
       4510.0000  1.00000e-06  1.00000e-06
       4516.0000  1.00000e-06  1.00000e-06
       4522.0000  1.00000e-06  1.00000e-06
       4528.0000  1.00000e-06  1.00000e-06
       4534.0000  1.00000e-06  1.00000e-06
       4540.0000  1.00000e-06  1.00000e-06
       4546.0000  1.00000e-06  1.00000e-06
       4552.0000  1.00000e-06  1.00000e-06
       4558.0000  1.00000e-06  1.00000e-06
       4564.0000  1.00000e-06  1.00000e-06
       4570.0000  1.00000e-06  1.00000e-06
       4576.0000  1.00000e-06  1.00000e-06
       4582.0000  1.00000e-06  1.00000e-06
       4588.0000  1.00000e-06  1.00000e-06
       4594.0000  1.00000e-06  1.00000e-06
       4600.0000  1.00000e-06  1.00000e-06
       4606.0000  1.00000e-06  1.00000e-06
       4612.0000  1.00000e-06  1.00000e-06
       4618.0000  1.00000e-06  1.00000e-06
       4624.0000  1.00000e-06  1.00000e-06
       4630.0000  1.00000e-06  1.00000e-06
       4636.0000  1.00000e-06  1.00000e-06
       4642.0000  1.00000e-06  1.00000e-06
       4648.0000  1.00000e-06  1.00000e-06
       4654.0000  1.00000e-06  1.00000e-06
       4660.0000  1.00000e-06  1.00000e-06
       4666.0000  1.00000e-06  1.00000e-06
       4672.0000  1.00000e-06  1.00000e-06
       4678.0000  1.00000e-06  1.00000e-06
       4684.0000  1.00000e-06  1.00000e-06
       4690.0000  1.00000e-06  1.00000e-06
       4696.0000  1.00000e-06  1.00000e-06
       4702.0000  1.00000e-06  1.00000e-06
       4708.0000  1.00000e-06  1.00000e-06
       4714.0000  1.00000e-06  1.00000e-06
       4720.0000  1.00000e-06  1.00000e-06
       4726.0000  1.00000e-06  1.00000e-06
       4732.0000  1.00000e-06  1.00000e-06
       4738.0000  1.00000e-06  1.00000e-06
       4744.0000  1.00000e-06  1.00000e-06
       4750.0000  1.00000e-06  1.00000e-06
       4756.0000  1.00000e-06  1.00000e-06
       4762.0000  1.00000e-06  1.00000e-06
       4768.0000  1.00000e-06  1.00000e-06
       4774.0000  1.00000e-06  1.00000e-06
       4780.0000  1.00000e-06  1.00000e-06
       4786.0000  1.00000e-06  1.00000e-06
       4792.0000  1.00000e-06  1.00000e-06
       4798.0000  1.00000e-06  1.00000e-06
       4804.0000  1.00000e-06  1.00000e-06
       4810.0000  1.00000e-06  1.00000e-06
       4816.0000  1.00000e-06  1.00000e-06
       4822.0000  1.00000e-06  1.00000e-06
       4828.0000  1.00000e-06  1.00000e-06
       4834.0000  1.00000e-06  1.00000e-06
       4840.0000  1.00000e-06  1.00000e-06
       4846.0000  1.00000e-06  1.00000e-06
       4852.0000  1.00000e-06  1.00000e-06
       4858.0000  1.00000e-06  1.00000e-06
       4864.0000  1.00000e-06  1.00000e-06
       4870.0000  1.00000e-06  1.00000e-06
       4876.0000  1.00000e-06  1.00000e-06
       4882.0000  1.00000e-06  1.00000e-06
       4888.0000  1.00000e-06  1.00000e-06
       4894.0000  1.00000e-06  1.00000e-06
       4900.0000  1.00000e-06  1.00000e-06
       4906.0000  1.00000e-06  1.00000e-06
       4912.0000  1.00000e-06  1.00000e-06
       4918.0000  1.00000e-06  1.00000e-06
       4924.0000  1.00000e-06  1.00000e-06
       4930.0000  1.00000e-06  1.00000e-06
       4936.0000  1.00000e-06  1.00000e-06
       4942.0000  1.00000e-06  1.00000e-06
       4948.0000  1.00000e-06  1.00000e-06
       4954.0000  1.00000e-06  1.00000e-06
       4960.0000  1.00000e-06  1.00000e-06
       4966.0000  1.00000e-06  1.00000e-06
       4972.0000  1.00000e-06  1.00000e-06
       4978.0000  1.00000e-06  1.00000e-06
       4984.0000  1.00000e-06  1.00000e-06
       4990.0000  1.00000e-06  1.00000e-06
       4996.0000  1.00000e-06  1.00000e-06
       5002.0000  1.00000e-06  1.00000e-06
       5008.0000  1.00000e-06  1.00000e-06
       5014.0000  1.00000e-06  1.00000e-06
       5020.0000  1.00000e-06  1.10720e-06
       5026.0000  1.00000e-06  1.80494e-06
       5032.0000  1.00000e-06  2.50268e-06
       5038.0000  1.00000e-06  3.77399e-06
       5044.0000  1.00000e-06  5.23524e-06
       5050.0000  1.00000e-06  8.04513e-06
       5056.0000  1.00000e-06  1.33720e-05
       5062.0000  1.00000e-06  1.86989e-05
       5068.0000  1.00000e-06  1.90903e-05
       5074.0000  1.00000e-06  1.92025e-05
       5080.0000  1.00000e-06  1.81509e-05
       5086.0000  1.00000e-06  1.61239e-05
       5092.0000  1.00000e-06  1.41267e-05
       5098.0000  1.00000e-06  1.23094e-05
       5104.0000  1.00000e-06  1.04921e-05
       5110.0000  1.00000e-06  1.40260e-05
       5116.0000  1.00000e-06  1.94472e-05
       5122.0000  1.00000e-06  2.47782e-05
       5128.0000  1.00000e-06  2.99316e-05
       5134.0000  1.00000e-06  3.50849e-05
       5140.0000  1.00000e-06  3.82879e-05
       5146.0000  1.00000e-06  4.13543e-05
       5152.0000  1.00000e-06  4.40786e-05
       5158.0000  1.00000e-06  4.65022e-05
       5164.0000  1.00000e-06  4.82843e-05
       5170.0000  1.00000e-06  4.57629e-05
       5176.0000  1.00000e-06  4.32415e-05
       5182.0000  1.00000e-06  4.54303e-05
       5188.0000  1.00000e-06  4.93853e-05
       5194.0000  1.00000e-06  5.42731e-05
       5200.0000  1.00000e-06  6.10991e-05
       5206.0000  1.00000e-06  6.79250e-05
       5212.0000  1.00000e-06  7.06961e-05
       5218.0000  1.00000e-06  7.31267e-05
       5224.0000  1.00000e-06  7.18918e-05
       5230.0000  1.00000e-06  6.72747e-05
       5236.0000  1.00000e-06  6.28119e-05
       5242.0000  1.00000e-06  5.95056e-05
       5248.0000  1.00000e-06  5.61993e-05
       5254.0000  1.00000e-06  5.70103e-05
       5260.0000  1.00000e-06  5.94598e-05
       5266.0000  1.00000e-06  6.30292e-05
       5272.0000  1.00000e-06  6.90566e-05
       5278.0000  1.00000e-06  7.50840e-05
       5284.0000  1.00000e-06  7.56345e-05
       5290.0000  1.00000e-06  7.56471e-05
       5296.0000  1.00000e-06  7.56405e-05
       5302.0000  1.00000e-06  7.56154e-05
       5308.0000  1.00000e-06  7.59098e-05
       5314.0000  1.00000e-06  7.89063e-05
       5320.0000  1.00000e-06  8.19027e-05
       5326.0000  1.00000e-06  8.54324e-05
       5332.0000  1.00000e-06  8.91869e-05
       5338.0000  1.00000e-06  9.24990e-05
       5344.0000  1.00000e-06  9.47839e-05
       5350.0000  1.00000e-06  9.70689e-05
       5356.0000  1.00000e-06  9.17088e-05
       5362.0000  1.00000e-06  8.54862e-05
       5368.0000  1.00000e-06  8.01079e-05
       5374.0000  1.00000e-06  7.55870e-05
       5380.0000  1.00000e-06  7.23293e-05
       5386.0000  1.00000e-06  8.12697e-05
       5392.0000  1.00000e-06  9.02102e-05
       5398.0000  1.00000e-06  9.34464e-05
       5404.0000  1.00000e-06  9.41367e-05
       5410.0000  1.00000e-06  9.57183e-05
       5416.0000  1.00000e-06  9.94921e-05
       5422.0000  1.00000e-06  0.000103266
       5428.0000  1.00000e-06  9.92279e-05
       5434.0000  1.00000e-06  9.41910e-05
       5440.0000  1.00000e-06  8.77776e-05
       5446.0000  1.00000e-06  7.98977e-05
       5452.0000  1.00000e-06  7.27360e-05
       5458.0000  1.00000e-06  7.36274e-05
       5464.0000  1.00000e-06  7.45188e-05
       5470.0000  1.00000e-06  7.70154e-05
       5476.0000  1.00000e-06  8.02694e-05
       5482.0000  1.00000e-06  8.15308e-05
       5488.0000  1.00000e-06  7.75938e-05
       5494.0000  1.00000e-06  7.36568e-05
