      -500.00000  1.00000e-06  9.09156e-05
      -494.00000  1.00000e-06  9.44017e-05
      -488.00000  1.00000e-06  9.78879e-05
      -482.00000  1.00000e-06  9.81982e-05
      -476.00000  1.00000e-06  9.76704e-05
      -470.00000  1.00000e-06  9.86774e-05
      -464.00000  1.00000e-06  0.000102147
      -458.00000  1.00000e-06  0.000105617
      -452.00000  1.00000e-06  0.000109005
      -446.00000  1.00000e-06  0.000112390
      -440.00000  1.00000e-06  0.000113671
      -434.00000  1.00000e-06  0.000113361
      -428.00000  1.00000e-06  0.000113309
      -422.00000  1.00000e-06  0.000114590
      -416.00000  1.00000e-06  0.000115870
      -410.00000  1.00000e-06  0.000117860
      -404.00000  1.00000e-06  0.000120079
      -398.00000  1.00000e-06  0.000119845
      -392.00000  1.00000e-06  0.000115008
      -386.00000  1.00000e-06  0.000110171
      -380.00000  1.00000e-06  0.000114338
      -374.00000  1.00000e-06  0.000119077
      -368.00000  1.00000e-06  0.000118191
      -362.00000  1.00000e-06  0.000112380
      -356.00000  1.00000e-06  0.000107747
      -350.00000  1.00000e-06  0.000111289
      -344.00000  1.00000e-06  0.000114832
      -338.00000  1.00000e-06  0.000114000
      -332.00000  1.00000e-06  0.000111455
      -326.00000  1.00000e-06  0.000110867
      -320.00000  1.00000e-06  0.000114606
      -314.00000  1.00000e-06  0.000118345
      -308.00000  1.00000e-06  0.000120422
      -302.00000  1.00000e-06  0.000122323
      -296.00000  1.00000e-06  0.000124316
      -290.00000  1.00000e-06  0.000126402
      -284.00000  1.00000e-06  0.000128486
      -278.00000  1.00000e-06  0.000130543
      -272.00000  1.00000e-06  0.000132601
      -266.00000  1.00000e-06  0.000129319
      -260.00000  1.00000e-06  0.000123550
      -254.00000  1.00000e-06  0.000119072
      -248.00000  1.00000e-06  0.000117995
      -242.00000  1.00000e-06  0.000116918
      -236.00000  1.00000e-06  0.000119267
      -230.00000  1.00000e-06  0.000122138
      -224.00000  1.00000e-06  0.000124342
      -218.00000  1.00000e-06  0.000125765
      -212.00000  1.00000e-06  0.000127183
      -206.00000  1.00000e-06  0.000128516
      -200.00000  1.00000e-06  0.000129850
      -194.00000  1.00000e-06  0.000135976
      -188.00000  1.00000e-06  0.000144729
      -182.00000  1.00000e-06  0.000153512
      -176.00000  1.00000e-06  0.000162390
      -170.00000  1.00000e-06  0.000171268
      -164.00000  1.00000e-06  0.000177556
      -158.00000  1.00000e-06  0.000183319
      -152.00000  1.00000e-06  0.000186212
      -146.00000  1.00000e-06  0.000185209
      -140.00000  1.00000e-06  0.000184193
      -134.00000  1.00000e-06  0.000182411
      -128.00000  1.00000e-06  0.000180628
      -122.00000  1.00000e-06  0.000186551
      -116.00000  1.00000e-06  0.000197404
      -110.00000  1.00000e-06  0.000209618
      -104.00000  1.00000e-06  0.000227192
      -98.000000  1.00000e-06  0.000244767
      -92.000000  1.00000e-06  0.000261408
      -86.000000  1.00000e-06  0.000277808
      -80.000000  1.00000e-06  0.000299624
      -74.000000  1.00000e-06  0.000329980
      -68.000000  1.00000e-06  0.000360337
      -62.000000  1.00000e-06  0.000427248
      -56.000000  1.00000e-06  0.000494877
      -50.000000  1.00000e-06  0.000633933
      -44.000000  1.00000e-06  0.000826107
      -38.000000  1.00000e-06   0.00108571
      -32.000000  1.00000e-06   0.00168354
      -26.000000  1.00000e-06   0.00228136
      -20.000000  1.00000e-06   0.00367474
      -14.000000  1.00000e-06   0.00532075
      -8.0000000  1.00000e-06   0.00773670
      -2.0000000  1.00000e-06    0.0115718
       4.0000000  1.00000e-06    0.0154068
       10.000000  1.00000e-06    0.0227599
       16.000000  1.00000e-06    0.0303197
       22.000000  1.00000e-06    0.0405101
       28.000000  1.00000e-06    0.0529666
       34.000000  1.00000e-06    0.0660211
       40.000000  1.00000e-06    0.0830793
       46.000000  1.00000e-06     0.100137
       52.000000  1.00000e-06     0.118941
       58.000000  1.00000e-06     0.138414
       64.000000  1.00000e-06     0.157516
       70.000000  1.00000e-06     0.175813
       76.000000  1.00000e-06     0.194109
       82.000000  1.00000e-06     0.207494
       88.000000  1.00000e-06     0.220382
       94.000000  1.00000e-06     0.229082
       100.00000  1.00000e-06     0.233610
       106.00000  1.00000e-06     0.237245
       112.00000  1.00000e-06     0.232245
       118.00000  1.00000e-06     0.227244
       124.00000  1.00000e-06     0.217094
       130.00000  1.00000e-06     0.204592
       136.00000  1.00000e-06     0.190793
       142.00000  1.00000e-06     0.173646
       148.00000  1.00000e-06     0.156499
       154.00000  1.00000e-06     0.138632
       160.00000  1.00000e-06     0.120659
       166.00000  1.00000e-06     0.103743
       172.00000  1.00000e-06    0.0880424
       178.00000  1.00000e-06    0.0725634
       184.00000  1.00000e-06    0.0607180
       190.00000  1.00000e-06    0.0488726
       196.00000  1.00000e-06    0.0396310
       202.00000  1.00000e-06    0.0317906
       208.00000  1.00000e-06    0.0247623
       214.00000  1.00000e-06    0.0202651
       220.00000  1.00000e-06    0.0157679
       226.00000  1.00000e-06    0.0132291
       232.00000  1.00000e-06    0.0110756
       238.00000  1.00000e-06   0.00956910
       244.00000  1.00000e-06   0.00892612
       250.00000  1.00000e-06   0.00830245
       256.00000  1.00000e-06   0.00857378
       262.00000  1.00000e-06   0.00884511
       268.00000  1.00000e-06   0.00941461
       274.00000  1.00000e-06    0.0101717
       280.00000  1.00000e-06    0.0110076
       286.00000  1.00000e-06    0.0121461
       292.00000  1.00000e-06    0.0132847
       298.00000  1.00000e-06    0.0145891
       304.00000  1.00000e-06    0.0159352
       310.00000  1.00000e-06    0.0173271
       316.00000  1.00000e-06    0.0187900
       322.00000  1.00000e-06    0.0202528
       328.00000  1.00000e-06    0.0218126
       334.00000  1.00000e-06    0.0233739
       340.00000  1.00000e-06    0.0249384
       346.00000  1.00000e-06    0.0265052
       352.00000  1.00000e-06    0.0280413
       358.00000  1.00000e-06    0.0294279
       364.00000  1.00000e-06    0.0308146
       370.00000  1.00000e-06    0.0319626
       376.00000  1.00000e-06    0.0330364
       382.00000  1.00000e-06    0.0339708
       388.00000  1.00000e-06    0.0346526
       394.00000  1.00000e-06    0.0353345
       400.00000  1.00000e-06    0.0354697
       406.00000  1.00000e-06    0.0355753
       412.00000  1.00000e-06    0.0354635
       418.00000  1.00000e-06    0.0351675
       424.00000  1.00000e-06    0.0348407
       430.00000  1.00000e-06    0.0343143
       436.00000  1.00000e-06    0.0337879
       442.00000  1.00000e-06    0.0329858
       448.00000  1.00000e-06    0.0320800
       454.00000  1.00000e-06    0.0311571
       460.00000  1.00000e-06    0.0301975
       466.00000  1.00000e-06    0.0292379
       472.00000  1.00000e-06    0.0284991
       478.00000  1.00000e-06    0.0277815
       484.00000  1.00000e-06    0.0272702
       490.00000  1.00000e-06    0.0269609
       496.00000  1.00000e-06    0.0267073
       502.00000  1.00000e-06    0.0269676
       508.00000  1.00000e-06    0.0272279
       514.00000  1.00000e-06    0.0279139
       520.00000  1.00000e-06    0.0287908
       526.00000  1.00000e-06    0.0298388
       532.00000  1.00000e-06    0.0313202
       538.00000  1.00000e-06    0.0328015
       544.00000  1.00000e-06    0.0346088
       550.00000  1.00000e-06    0.0364622
       556.00000  1.00000e-06    0.0382967
       562.00000  1.00000e-06    0.0401097
       568.00000  1.00000e-06    0.0419108
       574.00000  1.00000e-06    0.0435302
       580.00000  1.00000e-06    0.0451495
       586.00000  1.00000e-06    0.0466872
       592.00000  1.00000e-06    0.0481819
       598.00000  1.00000e-06    0.0496750
       604.00000  1.00000e-06    0.0511635
       610.00000  1.00000e-06    0.0526520
       616.00000  1.00000e-06    0.0541479
       622.00000  1.00000e-06    0.0556453
       628.00000  1.00000e-06    0.0571342
       634.00000  1.00000e-06    0.0586120
       640.00000  1.00000e-06    0.0600845
       646.00000  1.00000e-06    0.0613504
       652.00000  1.00000e-06    0.0626162
       658.00000  1.00000e-06    0.0635879
       664.00000  1.00000e-06    0.0643776
       670.00000  1.00000e-06    0.0650723
       676.00000  1.00000e-06    0.0654108
       682.00000  1.00000e-06    0.0657494
       688.00000  1.00000e-06    0.0659184
       694.00000  1.00000e-06    0.0660460
       700.00000  1.00000e-06    0.0662448
       706.00000  1.00000e-06    0.0665522
       712.00000  1.00000e-06    0.0668595
       718.00000  1.00000e-06    0.0678487
       724.00000  1.00000e-06    0.0688455
       730.00000  1.00000e-06    0.0702656
       736.00000  1.00000e-06    0.0719901
       742.00000  1.00000e-06    0.0737860
       748.00000  1.00000e-06    0.0759200
       754.00000  1.00000e-06    0.0780540
       760.00000  1.00000e-06    0.0802610
       766.00000  1.00000e-06    0.0824902
       772.00000  1.00000e-06    0.0847279
       778.00000  1.00000e-06    0.0869806
       784.00000  1.00000e-06    0.0892333
       790.00000  1.00000e-06    0.0913860
       796.00000  1.00000e-06    0.0935338
       802.00000  1.00000e-06    0.0955820
       808.00000  1.00000e-06    0.0975472
       814.00000  1.00000e-06    0.0994788
       820.00000  1.00000e-06     0.101200
       826.00000  1.00000e-06     0.102922
       832.00000  1.00000e-06     0.104573
       838.00000  1.00000e-06     0.106197
       844.00000  1.00000e-06     0.107770
       850.00000  1.00000e-06     0.109236
       856.00000  1.00000e-06     0.110701
       862.00000  1.00000e-06     0.112191
       868.00000  1.00000e-06     0.113683
       874.00000  1.00000e-06     0.115344
       880.00000  1.00000e-06     0.117168
       886.00000  1.00000e-06     0.119018
       892.00000  1.00000e-06     0.121091
       898.00000  1.00000e-06     0.123164
       904.00000  1.00000e-06     0.125238
       910.00000  1.00000e-06     0.127311
       916.00000  1.00000e-06     0.129389
       922.00000  1.00000e-06     0.131476
       928.00000  1.00000e-06     0.133564
       934.00000  1.00000e-06     0.135883
       940.00000  1.00000e-06     0.138234
       946.00000  1.00000e-06     0.140720
       952.00000  1.00000e-06     0.143355
       958.00000  1.00000e-06     0.145980
       964.00000  1.00000e-06     0.148456
       970.00000  1.00000e-06     0.150933
       976.00000  1.00000e-06     0.152849
       982.00000  1.00000e-06     0.154473
       988.00000  1.00000e-06     0.155804
       994.00000  1.00000e-06     0.156260
       1000.0000  1.00000e-06     0.156716
       1006.0000  1.00000e-06     0.156703
       1012.0000  1.00000e-06     0.156604
       1018.0000  1.00000e-06     0.156359
       1024.0000  1.00000e-06     0.155924
       1030.0000  1.00000e-06     0.155483
       1036.0000  1.00000e-06     0.154789
       1042.0000  1.00000e-06     0.154095
       1048.0000  1.00000e-06     0.153485
       1054.0000  1.00000e-06     0.152926
       1060.0000  1.00000e-06     0.152422
       1066.0000  1.00000e-06     0.152120
       1072.0000  1.00000e-06     0.151817
       1078.0000  1.00000e-06     0.151866
       1084.0000  1.00000e-06     0.151997
       1090.0000  1.00000e-06     0.152295
       1096.0000  1.00000e-06     0.152841
       1102.0000  1.00000e-06     0.153387
       1108.0000  1.00000e-06     0.154255
       1114.0000  1.00000e-06     0.155126
       1120.0000  1.00000e-06     0.156343
       1126.0000  1.00000e-06     0.157804
       1132.0000  1.00000e-06     0.159344
       1138.0000  1.00000e-06     0.161246
       1144.0000  1.00000e-06     0.163148
       1150.0000  1.00000e-06     0.165417
       1156.0000  1.00000e-06     0.167795
       1162.0000  1.00000e-06     0.170422
       1168.0000  1.00000e-06     0.173485
       1174.0000  1.00000e-06     0.176549
       1180.0000  1.00000e-06     0.180069
       1186.0000  1.00000e-06     0.183610
       1192.0000  1.00000e-06     0.187061
       1198.0000  1.00000e-06     0.190441
       1204.0000  1.00000e-06     0.193757
       1210.0000  1.00000e-06     0.196700
       1216.0000  1.00000e-06     0.199642
       1222.0000  1.00000e-06     0.202419
       1228.0000  1.00000e-06     0.205137
       1234.0000  1.00000e-06     0.207752
       1240.0000  1.00000e-06     0.210158
       1246.0000  1.00000e-06     0.212564
       1252.0000  1.00000e-06     0.214536
       1258.0000  1.00000e-06     0.216470
       1264.0000  1.00000e-06     0.217879
       1270.0000  1.00000e-06     0.218790
       1276.0000  1.00000e-06     0.219596
       1282.0000  1.00000e-06     0.219525
       1288.0000  1.00000e-06     0.219454
       1294.0000  1.00000e-06     0.219013
       1300.0000  1.00000e-06     0.218411
       1306.0000  1.00000e-06     0.217686
       1312.0000  1.00000e-06     0.216660
       1318.0000  1.00000e-06     0.215634
       1324.0000  1.00000e-06     0.214327
       1330.0000  1.00000e-06     0.212983
       1336.0000  1.00000e-06     0.211868
       1342.0000  1.00000e-06     0.211005
       1348.0000  1.00000e-06     0.210206
       1354.0000  1.00000e-06     0.210264
       1360.0000  1.00000e-06     0.210321
       1366.0000  1.00000e-06     0.210886
       1372.0000  1.00000e-06     0.211709
       1378.0000  1.00000e-06     0.212715
       1384.0000  1.00000e-06     0.214258
       1390.0000  1.00000e-06     0.215801
       1396.0000  1.00000e-06     0.217651
       1402.0000  1.00000e-06     0.219556
       1408.0000  1.00000e-06     0.221620
       1414.0000  1.00000e-06     0.223886
       1420.0000  1.00000e-06     0.226166
       1426.0000  1.00000e-06     0.228895
       1432.0000  1.00000e-06     0.231623
       1438.0000  1.00000e-06     0.234340
       1444.0000  1.00000e-06     0.237050
       1450.0000  1.00000e-06     0.239673
       1456.0000  1.00000e-06     0.241987
       1462.0000  1.00000e-06     0.244301
       1468.0000  1.00000e-06     0.246188
       1474.0000  1.00000e-06     0.247977
       1480.0000  1.00000e-06     0.249634
       1486.0000  1.00000e-06     0.251098
       1492.0000  1.00000e-06     0.252561
       1498.0000  1.00000e-06     0.253660
       1504.0000  1.00000e-06     0.254759
       1510.0000  1.00000e-06     0.255429
       1516.0000  1.00000e-06     0.255803
       1522.0000  1.00000e-06     0.256008
       1528.0000  1.00000e-06     0.255462
       1534.0000  1.00000e-06     0.254916
       1540.0000  1.00000e-06     0.253717
       1546.0000  1.00000e-06     0.252329
       1552.0000  1.00000e-06     0.250519
       1558.0000  1.00000e-06     0.247982
       1564.0000  1.00000e-06     0.245445
       1570.0000  1.00000e-06     0.241106
       1576.0000  1.00000e-06     0.236694
       1582.0000  1.00000e-06     0.231313
       1588.0000  1.00000e-06     0.225150
       1594.0000  1.00000e-06     0.218758
       1600.0000  1.00000e-06     0.211026
       1606.0000  1.00000e-06     0.203293
       1612.0000  1.00000e-06     0.194439
       1618.0000  1.00000e-06     0.185189
       1624.0000  1.00000e-06     0.175614
       1630.0000  1.00000e-06     0.165382
       1636.0000  1.00000e-06     0.155151
       1642.0000  1.00000e-06     0.144738
       1648.0000  1.00000e-06     0.134310
       1654.0000  1.00000e-06     0.124173
       1660.0000  1.00000e-06     0.114309
       1666.0000  1.00000e-06     0.104530
       1672.0000  1.00000e-06    0.0954302
       1678.0000  1.00000e-06    0.0863308
       1684.0000  1.00000e-06    0.0778591
       1690.0000  1.00000e-06    0.0696528
       1696.0000  1.00000e-06    0.0618378
       1702.0000  1.00000e-06    0.0549553
       1708.0000  1.00000e-06    0.0480729
       1714.0000  1.00000e-06    0.0425148
       1720.0000  1.00000e-06    0.0371232
       1726.0000  1.00000e-06    0.0324074
       1732.0000  1.00000e-06    0.0284205
       1738.0000  1.00000e-06    0.0245221
       1744.0000  1.00000e-06    0.0217348
       1750.0000  1.00000e-06    0.0189475
       1756.0000  1.00000e-06    0.0167590
       1762.0000  1.00000e-06    0.0148700
       1768.0000  1.00000e-06    0.0131850
       1774.0000  1.00000e-06    0.0120827
       1780.0000  1.00000e-06    0.0109804
       1786.0000  1.00000e-06    0.0105270
       1792.0000  1.00000e-06    0.0101863
       1798.0000  1.00000e-06    0.0101322
       1804.0000  1.00000e-06    0.0104361
       1810.0000  1.00000e-06    0.0107669
       1816.0000  1.00000e-06    0.0117886
       1822.0000  1.00000e-06    0.0128103
       1828.0000  1.00000e-06    0.0144201
       1834.0000  1.00000e-06    0.0163750
       1840.0000  1.00000e-06    0.0185818
       1846.0000  1.00000e-06    0.0216670
       1852.0000  1.00000e-06    0.0247521
       1858.0000  1.00000e-06    0.0289130
       1864.0000  1.00000e-06    0.0333170
       1870.0000  1.00000e-06    0.0383595
       1876.0000  1.00000e-06    0.0443270
       1882.0000  1.00000e-06    0.0502965
       1888.0000  1.00000e-06    0.0579617
       1894.0000  1.00000e-06    0.0656269
       1900.0000  1.00000e-06    0.0742194
       1906.0000  1.00000e-06    0.0834459
       1912.0000  1.00000e-06    0.0929244
       1918.0000  1.00000e-06     0.103501
       1924.0000  1.00000e-06     0.114077
       1930.0000  1.00000e-06     0.125847
       1936.0000  1.00000e-06     0.137953
       1942.0000  1.00000e-06     0.150614
       1948.0000  1.00000e-06     0.164209
       1954.0000  1.00000e-06     0.177804
       1960.0000  1.00000e-06     0.191923
       1966.0000  1.00000e-06     0.206062
       1972.0000  1.00000e-06     0.220196
       1978.0000  1.00000e-06     0.234327
       1984.0000  1.00000e-06     0.248370
       1990.0000  1.00000e-06     0.261909
       1996.0000  1.00000e-06     0.275449
       2002.0000  1.00000e-06     0.288280
       2008.0000  1.00000e-06     0.300866
       2014.0000  1.00000e-06     0.313014
       2020.0000  1.00000e-06     0.324298
       2026.0000  1.00000e-06     0.335581
       2032.0000  1.00000e-06     0.345752
       2038.0000  1.00000e-06     0.355838
       2044.0000  1.00000e-06     0.365350
       2050.0000  1.00000e-06     0.374336
       2056.0000  1.00000e-06     0.383137
       2062.0000  1.00000e-06     0.390506
       2068.0000  1.00000e-06     0.397874
       2074.0000  1.00000e-06     0.404554
       2080.0000  1.00000e-06     0.410948
       2086.0000  1.00000e-06     0.417250
       2092.0000  1.00000e-06     0.423336
       2098.0000  1.00000e-06     0.429423
       2104.0000  1.00000e-06     0.434754
       2110.0000  1.00000e-06     0.439994
       2116.0000  1.00000e-06     0.444629
       2122.0000  1.00000e-06     0.448623
       2128.0000  1.00000e-06     0.452516
       2134.0000  1.00000e-06     0.455208
       2140.0000  1.00000e-06     0.457900
       2146.0000  1.00000e-06     0.459752
       2152.0000  1.00000e-06     0.461190
       2158.0000  1.00000e-06     0.462264
       2164.0000  1.00000e-06     0.462318
       2170.0000  1.00000e-06     0.462372
       2176.0000  1.00000e-06     0.461124
       2182.0000  1.00000e-06     0.459657
       2188.0000  1.00000e-06     0.457519
       2194.0000  1.00000e-06     0.454555
       2200.0000  1.00000e-06     0.451545
       2206.0000  1.00000e-06     0.447449
       2212.0000  1.00000e-06     0.443354
       2218.0000  1.00000e-06     0.438600
       2224.0000  1.00000e-06     0.433466
       2230.0000  1.00000e-06     0.428081
       2236.0000  1.00000e-06     0.421838
       2242.0000  1.00000e-06     0.415595
       2248.0000  1.00000e-06     0.408618
       2254.0000  1.00000e-06     0.401479
       2260.0000  1.00000e-06     0.394148
       2266.0000  1.00000e-06     0.386541
       2272.0000  1.00000e-06     0.378934
       2278.0000  1.00000e-06     0.371338
       2284.0000  1.00000e-06     0.363742
       2290.0000  1.00000e-06     0.356113
       2296.0000  1.00000e-06     0.348463
       2302.0000  1.00000e-06     0.340842
       2308.0000  1.00000e-06     0.333347
       2314.0000  1.00000e-06     0.325852
       2320.0000  1.00000e-06     0.318456
       2326.0000  1.00000e-06     0.311087
       2332.0000  1.00000e-06     0.303543
       2338.0000  1.00000e-06     0.295709
       2344.0000  1.00000e-06     0.287875
       2350.0000  1.00000e-06     0.279204
       2356.0000  1.00000e-06     0.270507
       2362.0000  1.00000e-06     0.261343
       2368.0000  1.00000e-06     0.251814
       2374.0000  1.00000e-06     0.242116
       2380.0000  1.00000e-06     0.231489
       2386.0000  1.00000e-06     0.220862
       2392.0000  1.00000e-06     0.209328
       2398.0000  1.00000e-06     0.197487
       2404.0000  1.00000e-06     0.185468
       2410.0000  1.00000e-06     0.173104
       2416.0000  1.00000e-06     0.160740
       2422.0000  1.00000e-06     0.148624
       2428.0000  1.00000e-06     0.136525
       2434.0000  1.00000e-06     0.124742
       2440.0000  1.00000e-06     0.113245
       2446.0000  1.00000e-06     0.101850
       2452.0000  1.00000e-06    0.0912260
       2458.0000  1.00000e-06    0.0806022
       2464.0000  1.00000e-06    0.0711172
       2470.0000  1.00000e-06    0.0620953
       2476.0000  1.00000e-06    0.0536497
       2482.0000  1.00000e-06    0.0465259
       2488.0000  1.00000e-06    0.0394020
       2494.0000  1.00000e-06    0.0338775
       2500.0000  1.00000e-06    0.0285377
       2506.0000  1.00000e-06    0.0239636
       2512.0000  1.00000e-06    0.0201891
       2518.0000  1.00000e-06    0.0165211
       2524.0000      2.95786    0.0140462
       2530.0000     0.911117    0.0115713
       2536.0000  1.00000e-06   0.00975303
       2542.0000  1.00000e-06   0.00825131
       2548.0000  1.00000e-06   0.00694055
       2554.0000  1.00000e-06   0.00615303
       2560.0000  1.00000e-06   0.00536551
       2566.0000  1.00000e-06   0.00495176
       2572.0000  1.00000e-06   0.00459879
       2578.0000  1.00000e-06   0.00432991
       2584.0000  1.00000e-06   0.00416261
       2590.0000  1.00000e-06   0.00399741
       2596.0000  1.00000e-06   0.00387635
       2602.0000  1.00000e-06   0.00375528
       2608.0000  1.00000e-06   0.00367550
       2614.0000  1.00000e-06   0.00361910
       2620.0000    0.0151900   0.00357500
       2626.0000  1.00000e-06   0.00357180
       2632.0000  1.00000e-06   0.00356860
       2638.0000  1.00000e-06   0.00357084
       2644.0000  1.00000e-06   0.00357425
       2650.0000  1.00000e-06   0.00356177
       2656.0000  1.00000e-06   0.00352706
       2662.0000     0.737470   0.00349225
       2668.0000      2.54951   0.00344704
       2674.0000      3.66009   0.00340184
       2680.0000      3.97305   0.00335379
       2686.0000      3.82399   0.00330386
       2692.0000      3.62679   0.00326189
       2698.0000      3.58369   0.00325277
       2704.0000      3.96066   0.00324366
       2710.0000      4.74648   0.00323662
       2716.0000      5.38013   0.00323014
       2722.0000      5.24656   0.00321039
       2728.0000      4.17410   0.00316904
       2734.0000      2.84446   0.00312768
       2740.0000      1.85140   0.00307800
       2746.0000      1.48822   0.00302808
       2752.0000      1.48237   0.00297643
       2758.0000      1.54205   0.00292345
       2764.0000      1.53220   0.00287133
       2770.0000      1.31857   0.00282382
       2776.0000     0.911262   0.00277632
       2782.0000     0.476208   0.00274170
       2788.0000     0.280742   0.00271135
       2794.0000     0.340466   0.00268417
       2800.0000     0.403744   0.00266300
       2806.0000     0.237002   0.00264184
       2812.0000     0.144566   0.00260758
       2818.0000     0.417446   0.00257244
       2824.0000      1.16072   0.00251640
       2830.0000      2.28460   0.00244180
       2836.0000      3.86012   0.00236575
       2842.0000      5.54714   0.00227920
       2848.0000      7.14333   0.00219265
       2854.0000      8.86514   0.00211490
       2860.0000      10.9014   0.00204065
       2866.0000      13.3294   0.00197059
       2872.0000      16.4023   0.00190997
       2878.0000      20.0424   0.00184935
       2884.0000      23.9708   0.00180650
       2890.0000      28.2101   0.00176562
       2896.0000      32.9319   0.00172134
       2902.0000      37.8542   0.00167358
       2908.0000      42.6127   0.00162371
       2914.0000      46.7690   0.00155145
       2920.0000      50.2312   0.00147920
       2926.0000      53.4314   0.00140122
       2932.0000      56.1138   0.00132053
       2938.0000      58.1537   0.00124578
       2944.0000      60.1244   0.00118695
       2950.0000      61.8076   0.00112812
       2956.0000      61.7851   0.00108920
       2962.0000      59.6991   0.00105340
       2968.0000      56.0042   0.00102294
       2974.0000      51.3737  0.000998828
       2980.0000      47.1840  0.000975022
       2986.0000      43.8928  0.000957048
       2992.0000      40.5793  0.000939075
       2998.0000      36.6521  0.000922771
       3004.0000      32.4456  0.000907396
       3010.0000      27.5267  0.000888778
       3016.0000      21.3467  0.000859613
       3022.0000      15.1381  0.000830448
       3028.0000      10.1969  0.000793894
       3034.0000      6.24157  0.000755804
       3040.0000      2.97200  0.000721843
       3046.0000    0.0714900  0.000693566
       3052.0000  1.00000e-06  0.000665342
       3058.0000  1.00000e-06  0.000640982
       3064.0000  1.00000e-06  0.000616621
       3070.0000  1.00000e-06  0.000586941
       3076.0000  1.00000e-06  0.000553804
       3082.0000  1.00000e-06  0.000521168
       3088.0000  1.00000e-06  0.000490550
       3094.0000  1.00000e-06  0.000459931
       3100.0000  1.00000e-06  0.000439217
       3106.0000  1.00000e-06  0.000421110
       3112.0000  1.00000e-06  0.000405119
       3118.0000  1.00000e-06  0.000392518
       3124.0000  1.00000e-06  0.000379918
       3130.0000  1.00000e-06  0.000367419
       3136.0000  1.00000e-06  0.000354923
       3142.0000  1.00000e-06  0.000341846
       3148.0000  1.00000e-06  0.000328331
       3154.0000  1.00000e-06  0.000314889
       3160.0000  1.00000e-06  0.000301816
       3166.0000  1.00000e-06  0.000288743
       3172.0000  1.00000e-06  0.000279244
       3178.0000      1.62631  0.000270903
       3184.0000      5.56421  0.000263453
       3190.0000      8.22637  0.000257673
       3196.0000      8.83373  0.000251893
       3202.0000      7.21533  0.000243084
       3208.0000      4.68953  0.000234085
       3214.0000      3.05218  0.000226657
       3220.0000      2.67342  0.000220602
       3226.0000      2.53545  0.000215435
       3232.0000      2.13672  0.000216409
       3238.0000      1.54742  0.000217383
       3244.0000     0.295892  0.000217194
       3250.0000  1.00000e-06  0.000216550
       3256.0000  1.00000e-06  0.000214651
       3262.0000  1.00000e-06  0.000209979
       3268.0000  1.00000e-06  0.000205307
       3274.0000  1.00000e-06  0.000204434
       3280.0000  1.00000e-06  0.000203962
       3286.0000  1.00000e-06  0.000208371
       3292.0000  1.00000e-06  0.000217713
       3298.0000  1.00000e-06  0.000226914
       3304.0000  1.00000e-06  0.000234698
       3310.0000    0.0872628  0.000242482
       3316.0000     0.655711  0.000245409
       3322.0000      1.76948  0.000246082
       3328.0000      3.39169  0.000244373
       3334.0000      4.87692  0.000236407
       3340.0000      5.66283  0.000228441
       3346.0000      5.88502  0.000217037
       3352.0000      5.43164  0.000205112
       3358.0000      3.54039  0.000197685
       3364.0000     0.729431  0.000195516
       3370.0000  1.00000e-06  0.000193868
       3376.0000  1.00000e-06  0.000201386
       3382.0000  1.00000e-06  0.000208903
       3388.0000  1.00000e-06  0.000213699
       3394.0000  1.00000e-06  0.000217006
       3400.0000  1.00000e-06  0.000219068
       3406.0000  1.00000e-06  0.000217172
       3412.0000  1.00000e-06  0.000215277
       3418.0000  1.00000e-06  0.000213040
       3424.0000  1.00000e-06  0.000210735
       3430.0000      1.44356  0.000204913
       3436.0000      3.28437  0.000194329
       3442.0000      4.05427  0.000183689
       3448.0000      4.23364  0.000169915
       3454.0000      4.19628  0.000156140
       3460.0000      3.77987  0.000150175
       3466.0000      2.71564  0.000149198
       3472.0000      1.38963  0.000150443
       3478.0000     0.179692  0.000160413
       3484.0000  1.00000e-06  0.000170382
       3490.0000  1.00000e-06  0.000177393
       3496.0000  1.00000e-06  0.000183644
       3502.0000  1.00000e-06  0.000187527
       3508.0000  1.00000e-06  0.000187681
       3514.0000  1.00000e-06  0.000187834
       3520.0000  1.00000e-06  0.000191501
       3526.0000  1.00000e-06  0.000195236
       3532.0000  1.00000e-06  0.000200108
       3538.0000  1.00000e-06  0.000205824
       3544.0000  1.00000e-06  0.000210608
       3550.0000  1.00000e-06  0.000210735
       3556.0000  1.00000e-06  0.000210862
       3562.0000  1.00000e-06  0.000206657
       3568.0000  1.00000e-06  0.000201080
       3574.0000  1.00000e-06  0.000197627
       3580.0000  1.00000e-06  0.000198078
       3586.0000  1.00000e-06  0.000198529
       3592.0000  1.00000e-06  0.000199907
       3598.0000  1.00000e-06  0.000201339
       3604.0000  1.00000e-06  0.000199201
       3610.0000  1.00000e-06  0.000193992
       3616.0000  1.00000e-06  0.000188707
       3622.0000  1.00000e-06  0.000182910
       3628.0000  1.00000e-06  0.000177112
       3634.0000  1.00000e-06  0.000180868
       3640.0000  1.00000e-06  0.000188279
       3646.0000  1.00000e-06  0.000195436
       3652.0000  1.00000e-06  0.000202041
       3658.0000  1.00000e-06  0.000208646
       3664.0000  1.00000e-06  0.000205832
       3670.0000  1.00000e-06  0.000202072
       3676.0000  1.00000e-06  0.000197389
       3682.0000  1.00000e-06  0.000191791
       3688.0000  1.00000e-06  0.000185850
       3694.0000  1.00000e-06  0.000176616
       3700.0000  1.00000e-06  0.000167382
       3706.0000  1.00000e-06  0.000155919
       3712.0000  1.00000e-06  0.000143441
       3718.0000  1.00000e-06  0.000130803
       3724.0000  1.00000e-06  0.000117755
       3730.0000  1.00000e-06  0.000104706
       3736.0000  1.00000e-06  9.21934e-05
       3742.0000  1.00000e-06  7.97586e-05
       3748.0000  1.00000e-06  7.05711e-05
       3754.0000  1.00000e-06  6.51180e-05
       3760.0000  1.00000e-06  5.95457e-05
       3766.0000  1.00000e-06  5.20363e-05
       3772.0000  1.00000e-06  4.45268e-05
       3778.0000  1.00000e-06  3.73454e-05
       3784.0000  1.00000e-06  3.03402e-05
       3790.0000  1.00000e-06  2.42794e-05
       3796.0000  1.00000e-06  2.11543e-05
       3802.0000  1.00000e-06  1.80292e-05
       3808.0000  1.00000e-06  1.38174e-05
       3814.0000  1.00000e-06  9.39265e-06
       3820.0000  1.00000e-06  5.83225e-06
       3826.0000  1.00000e-06  3.42308e-06
       3832.0000  1.00000e-06  1.06538e-06
       3838.0000  1.00000e-06  1.03797e-06
       3844.0000  1.00000e-06  1.01057e-06
       3850.0000  1.00000e-06  1.00000e-06
       3856.0000  1.00000e-06  1.00000e-06
       3862.0000  1.00000e-06  1.00000e-06
       3868.0000  1.00000e-06  1.00000e-06
       3874.0000  1.00000e-06  1.00000e-06
       3880.0000  1.00000e-06  1.00000e-06
       3886.0000  1.00000e-06  1.00000e-06
       3892.0000  1.00000e-06  1.00000e-06
       3898.0000  1.00000e-06  1.00000e-06
       3904.0000  1.00000e-06  1.00000e-06
       3910.0000  1.00000e-06  1.00000e-06
       3916.0000  1.00000e-06  1.00000e-06
       3922.0000  1.00000e-06  1.00000e-06
       3928.0000  1.00000e-06  1.00000e-06
       3934.0000  1.00000e-06  1.00000e-06
       3940.0000  1.00000e-06  1.00000e-06
       3946.0000  1.00000e-06  1.00000e-06
       3952.0000  1.00000e-06  1.00000e-06
       3958.0000  1.00000e-06  1.00000e-06
       3964.0000  1.00000e-06  1.00000e-06
       3970.0000  1.00000e-06  1.00000e-06
       3976.0000  1.00000e-06  1.00000e-06
       3982.0000  1.00000e-06  1.00000e-06
       3988.0000  1.00000e-06  1.00000e-06
       3994.0000  1.00000e-06  1.00000e-06
       4000.0000  1.00000e-06  1.00000e-06
       4006.0000  1.00000e-06  1.00000e-06
       4012.0000  1.00000e-06  1.00000e-06
       4018.0000  1.00000e-06  1.00000e-06
       4024.0000  1.00000e-06  1.00000e-06
       4030.0000  1.00000e-06  1.00000e-06
       4036.0000  1.00000e-06  1.00000e-06
       4042.0000  1.00000e-06  1.00000e-06
       4048.0000  1.00000e-06  1.00000e-06
       4054.0000  1.00000e-06  1.00000e-06
       4060.0000  1.00000e-06  1.00000e-06
       4066.0000  1.00000e-06  1.00000e-06
       4072.0000  1.00000e-06  1.00000e-06
       4078.0000  1.00000e-06  1.00000e-06
       4084.0000  1.00000e-06  1.00000e-06
       4090.0000  1.00000e-06  1.00000e-06
       4096.0000  1.00000e-06  1.00000e-06
       4102.0000  1.00000e-06  1.00000e-06
       4108.0000  1.00000e-06  1.00000e-06
       4114.0000  1.00000e-06  1.00000e-06
       4120.0000  1.00000e-06  1.00000e-06
       4126.0000  1.00000e-06  1.00000e-06
       4132.0000  1.00000e-06  1.00000e-06
       4138.0000  1.00000e-06  1.00000e-06
       4144.0000  1.00000e-06  1.00000e-06
       4150.0000  1.00000e-06  1.00000e-06
       4156.0000  1.00000e-06  1.00000e-06
       4162.0000  1.00000e-06  1.00000e-06
       4168.0000  1.00000e-06  1.00000e-06
       4174.0000  1.00000e-06  1.00000e-06
       4180.0000  1.00000e-06  1.00000e-06
       4186.0000  1.00000e-06  1.00000e-06
       4192.0000  1.00000e-06  1.00000e-06
       4198.0000  1.00000e-06  1.00000e-06
       4204.0000  1.00000e-06  1.00000e-06
       4210.0000  1.00000e-06  1.00000e-06
       4216.0000  1.00000e-06  1.00000e-06
       4222.0000  1.00000e-06  1.00000e-06
       4228.0000  1.00000e-06  1.00000e-06
       4234.0000  1.00000e-06  1.00000e-06
       4240.0000  1.00000e-06  1.00000e-06
       4246.0000  1.00000e-06  1.00000e-06
       4252.0000  1.00000e-06  1.00000e-06
       4258.0000  1.00000e-06  1.00000e-06
       4264.0000  1.00000e-06  1.00000e-06
       4270.0000  1.00000e-06  1.00000e-06
       4276.0000  1.00000e-06  1.00000e-06
       4282.0000  1.00000e-06  1.00000e-06
       4288.0000  1.00000e-06  1.00000e-06
       4294.0000  1.00000e-06  1.00000e-06
       4300.0000  1.00000e-06  1.00000e-06
       4306.0000  1.00000e-06  1.00000e-06
       4312.0000  1.00000e-06  1.00000e-06
       4318.0000  1.00000e-06  1.00000e-06
       4324.0000  1.00000e-06  1.00000e-06
       4330.0000  1.00000e-06  1.00000e-06
       4336.0000  1.00000e-06  1.00000e-06
       4342.0000  1.00000e-06  1.00000e-06
       4348.0000  1.00000e-06  1.00000e-06
       4354.0000  1.00000e-06  1.00000e-06
       4360.0000  1.00000e-06  1.00000e-06
       4366.0000  1.00000e-06  1.00000e-06
       4372.0000  1.00000e-06  1.00000e-06
       4378.0000  1.00000e-06  1.00000e-06
       4384.0000  1.00000e-06  1.00000e-06
       4390.0000  1.00000e-06  1.00000e-06
       4396.0000  1.00000e-06  1.00000e-06
       4402.0000  1.00000e-06  1.00000e-06
       4408.0000  1.00000e-06  1.00000e-06
       4414.0000  1.00000e-06  1.00000e-06
       4420.0000  1.00000e-06  1.00000e-06
       4426.0000  1.00000e-06  1.00000e-06
       4432.0000  1.00000e-06  1.00000e-06
       4438.0000  1.00000e-06  1.00000e-06
       4444.0000  1.00000e-06  1.00000e-06
       4450.0000  1.00000e-06  1.00000e-06
       4456.0000  1.00000e-06  1.00000e-06
       4462.0000  1.00000e-06  1.00000e-06
       4468.0000  1.00000e-06  1.00000e-06
       4474.0000  1.00000e-06  1.00000e-06
       4480.0000  1.00000e-06  1.00000e-06
       4486.0000  1.00000e-06  1.00000e-06
       4492.0000  1.00000e-06  1.00000e-06
       4498.0000  1.00000e-06  1.00000e-06
       4504.0000  1.00000e-06  1.00000e-06
       4510.0000  1.00000e-06  1.00000e-06
       4516.0000  1.00000e-06  1.00000e-06
       4522.0000  1.00000e-06  1.00000e-06
       4528.0000  1.00000e-06  1.00000e-06
       4534.0000  1.00000e-06  1.00000e-06
       4540.0000  1.00000e-06  1.00000e-06
       4546.0000  1.00000e-06  1.00000e-06
       4552.0000  1.00000e-06  1.00000e-06
       4558.0000  1.00000e-06  1.00000e-06
       4564.0000  1.00000e-06  1.00000e-06
       4570.0000  1.00000e-06  1.00000e-06
       4576.0000  1.00000e-06  1.00000e-06
       4582.0000  1.00000e-06  1.00000e-06
       4588.0000  1.00000e-06  1.00000e-06
       4594.0000  1.00000e-06  1.00000e-06
       4600.0000  1.00000e-06  1.00000e-06
       4606.0000  1.00000e-06  1.00000e-06
       4612.0000  1.00000e-06  1.00000e-06
       4618.0000  1.00000e-06  1.00000e-06
       4624.0000  1.00000e-06  1.00000e-06
       4630.0000  1.00000e-06  1.00000e-06
       4636.0000  1.00000e-06  1.00000e-06
       4642.0000  1.00000e-06  1.00000e-06
       4648.0000  1.00000e-06  1.00000e-06
       4654.0000  1.00000e-06  1.00000e-06
       4660.0000  1.00000e-06  1.00000e-06
       4666.0000  1.00000e-06  1.00000e-06
       4672.0000  1.00000e-06  1.00000e-06
       4678.0000  1.00000e-06  1.00000e-06
       4684.0000  1.00000e-06  1.00000e-06
       4690.0000  1.00000e-06  1.00000e-06
       4696.0000  1.00000e-06  1.00000e-06
       4702.0000  1.00000e-06  1.00000e-06
       4708.0000  1.00000e-06  1.00000e-06
       4714.0000  1.00000e-06  1.00000e-06
       4720.0000  1.00000e-06  1.00000e-06
       4726.0000  1.00000e-06  1.00000e-06
       4732.0000  1.00000e-06  1.00000e-06
       4738.0000  1.00000e-06  1.00000e-06
       4744.0000  1.00000e-06  1.00000e-06
       4750.0000  1.00000e-06  1.00000e-06
       4756.0000  1.00000e-06  1.00000e-06
       4762.0000  1.00000e-06  1.00000e-06
       4768.0000  1.00000e-06  1.00000e-06
       4774.0000  1.00000e-06  1.00000e-06
       4780.0000  1.00000e-06  1.00000e-06
       4786.0000  1.00000e-06  1.00000e-06
       4792.0000  1.00000e-06  1.00000e-06
       4798.0000  1.00000e-06  1.00000e-06
       4804.0000  1.00000e-06  1.00000e-06
       4810.0000  1.00000e-06  1.00000e-06
       4816.0000  1.00000e-06  1.00000e-06
       4822.0000  1.00000e-06  1.00000e-06
       4828.0000  1.00000e-06  1.00000e-06
       4834.0000  1.00000e-06  1.00000e-06
       4840.0000  1.00000e-06  1.00000e-06
       4846.0000  1.00000e-06  1.00000e-06
       4852.0000  1.00000e-06  1.00000e-06
       4858.0000  1.00000e-06  1.00000e-06
       4864.0000  1.00000e-06  1.00000e-06
       4870.0000  1.00000e-06  1.00000e-06
       4876.0000  1.00000e-06  1.00000e-06
       4882.0000  1.00000e-06  1.00000e-06
       4888.0000  1.00000e-06  1.00000e-06
       4894.0000  1.00000e-06  1.00000e-06
       4900.0000  1.00000e-06  1.00000e-06
       4906.0000  1.00000e-06  1.00000e-06
       4912.0000  1.00000e-06  1.00000e-06
       4918.0000  1.00000e-06  1.00000e-06
       4924.0000  1.00000e-06  1.00000e-06
       4930.0000  1.00000e-06  1.00000e-06
       4936.0000  1.00000e-06  1.00000e-06
       4942.0000  1.00000e-06  1.00000e-06
       4948.0000  1.00000e-06  1.00000e-06
       4954.0000  1.00000e-06  1.00000e-06
       4960.0000  1.00000e-06  1.00000e-06
       4966.0000  1.00000e-06  1.00000e-06
       4972.0000  1.00000e-06  1.00000e-06
       4978.0000  1.00000e-06  1.00000e-06
       4984.0000  1.00000e-06  1.00000e-06
       4990.0000  1.00000e-06  1.00000e-06
       4996.0000  1.00000e-06  1.00000e-06
       5002.0000  1.00000e-06  1.00000e-06
       5008.0000  1.00000e-06  1.00000e-06
       5014.0000  1.00000e-06  1.00000e-06
       5020.0000  1.00000e-06  1.00000e-06
       5026.0000  1.00000e-06  1.00000e-06
       5032.0000  1.00000e-06  1.34468e-06
       5038.0000  1.00000e-06  2.91568e-06
       5044.0000  1.00000e-06  4.48669e-06
       5050.0000  1.00000e-06  5.80525e-06
       5056.0000  1.00000e-06  7.06537e-06
       5062.0000  1.00000e-06  8.59783e-06
       5068.0000  1.00000e-06  1.05307e-05
       5074.0000  1.00000e-06  1.24636e-05
       5080.0000  1.00000e-06  1.50203e-05
       5086.0000  1.00000e-06  1.75786e-05
       5092.0000  1.00000e-06  1.96373e-05
       5098.0000  1.00000e-06  2.13493e-05
       5104.0000  1.00000e-06  2.28385e-05
       5110.0000  1.00000e-06  2.33334e-05
       5116.0000  1.00000e-06  2.38282e-05
       5122.0000  1.00000e-06  2.64505e-05
       5128.0000  1.00000e-06  2.96872e-05
       5134.0000  1.00000e-06  3.17658e-05
       5140.0000  1.00000e-06  3.18596e-05
       5146.0000  1.00000e-06  3.19533e-05
       5152.0000  1.00000e-06  3.06311e-05
       5158.0000  1.00000e-06  2.92519e-05
       5164.0000  1.00000e-06  3.11567e-05
       5170.0000  1.00000e-06  3.57049e-05
       5176.0000  1.00000e-06  3.95018e-05
       5182.0000  1.00000e-06  3.89321e-05
       5188.0000  1.00000e-06  3.83624e-05
       5194.0000  1.00000e-06  3.51587e-05
       5200.0000  1.00000e-06  3.10275e-05
       5206.0000  1.00000e-06  2.89881e-05
       5212.0000  1.00000e-06  3.11535e-05
       5218.0000  1.00000e-06  3.33189e-05
       5224.0000  1.00000e-06  3.75427e-05
       5230.0000  1.00000e-06  4.19335e-05
       5236.0000  1.00000e-06  4.45920e-05
       5242.0000  1.00000e-06  4.56368e-05
       5248.0000  1.00000e-06  4.67483e-05
       5254.0000  1.00000e-06  4.83968e-05
       5260.0000  1.00000e-06  5.00453e-05
       5266.0000  1.00000e-06  5.32866e-05
       5272.0000  1.00000e-06  5.72000e-05
       5278.0000  1.00000e-06  6.14776e-05
       5284.0000  1.00000e-06  6.66213e-05
       5290.0000  1.00000e-06  7.17650e-05
       5296.0000  1.00000e-06  7.77913e-05
       5302.0000  1.00000e-06  8.39282e-05
       5308.0000  1.00000e-06  8.83160e-05
       5314.0000  1.00000e-06  9.08199e-05
       5320.0000  1.00000e-06  9.31457e-05
       5326.0000  1.00000e-06  9.32505e-05
       5332.0000  1.00000e-06  9.33552e-05
       5338.0000  1.00000e-06  9.16004e-05
       5344.0000  1.00000e-06  8.89171e-05
       5350.0000  1.00000e-06  8.66991e-05
       5356.0000  1.00000e-06  8.58071e-05
       5362.0000  1.00000e-06  8.49150e-05
       5368.0000  1.00000e-06  8.59197e-05
       5374.0000  1.00000e-06  8.72530e-05
       5380.0000  1.00000e-06  8.65453e-05
       5386.0000  1.00000e-06  8.32937e-05
       5392.0000  1.00000e-06  8.00808e-05
       5398.0000  1.00000e-06  7.78501e-05
       5404.0000  1.00000e-06  7.56193e-05
       5410.0000  1.00000e-06  7.48620e-05
       5416.0000  1.00000e-06  7.49674e-05
       5422.0000  1.00000e-06  7.39843e-05
       5428.0000  1.00000e-06  6.92182e-05
       5434.0000  1.00000e-06  6.44521e-05
       5440.0000  1.00000e-06  6.34120e-05
       5446.0000  1.00000e-06  6.32108e-05
       5452.0000  1.00000e-06  6.49965e-05
       5458.0000  1.00000e-06  6.96551e-05
       5464.0000  1.00000e-06  7.43051e-05
       5470.0000  1.00000e-06  7.36973e-05
       5476.0000  1.00000e-06  7.30894e-05
       5482.0000  1.00000e-06  7.18485e-05
       5488.0000  1.00000e-06  7.01755e-05
       5494.0000  1.00000e-06  6.94218e-05
